| Run on Fri Feb 13 18:44:10 2026
| GB non-polar solvation energies calculated with gbsa=2
idecomp = 2: Per-residue decomp adding 1-4 interactions to EEL and VDW.
Energy Decomposition Analysis (All units kcal/mol): Generalized Born solvent
DELTAS:
Total Energy Decomposition:
Residue,Location,Internal,,,van der Waals,,,Electrostatic,,,Polar Solvation,,,Non-Polar Solv.,,,TOTAL,,
,,Avg.,Std. Dev.,Std. Err. of Mean,Avg.,Std. Dev.,Std. Err. of Mean,Avg.,Std. Dev.,Std. Err. of Mean,Avg.,Std. Dev.,Std. Err. of Mean,Avg.,Std. Dev.,Std. Err. of Mean
ALA   1,R ALA   1,0.0,0.0,0.0,-6.299999999999997e-05,0.00024296296014001767,4.435876463563873e-06,0.06043566666666685,0.06333281820053649,0.0011562937719602525,-0.05970099999999986,0.06305755253998793,0.0011512681315739525,0.0,0.0,0.0,0.0006716666666666693,0.0006984725398243329,1.2752305528657086e-05
PRO   2,R PRO   2,0.0,0.0,0.0,-8.500000000000039e-05,0.0002788816953476879,5.091659847240406e-06,-0.005689666666666644,0.00363538533797388,6.637275182772788e-05,0.0055619999999999776,0.0036338440619633613,6.634461210645111e-05,0.0,0.0,0.0,-0.00021266666666673118,0.0006502098806454563,1.187115395807527e-05
ALA   3,R ALA   3,0.0,0.0,0.0,-5.2999999999999384e-05,0.00022403347964087595,4.090273014522738e-06,-0.0028039999999999983,0.0023680337835427926,4.3234184006023105e-05,0.00286433333333334,0.002372746907887308,4.332023349001704e-05,0.0,0.0,0.0,7.333333333334746e-06,0.0006196339421160226,1.1312916249759865e-05
ALA   4,R ALA   4,0.0,0.0,0.0,-8.666666666666671e-05,0.00028134597128012253,5.136651164444124e-06,0.0005550000000000012,0.0020666337362967675,3.773139718236408e-05,-1.5333333333334856e-05,0.0020779232153496086,3.793751392702152e-05,0.0,0.0,0.0,0.00045299999999996905,0.0006520155928605974,1.190412160182845e-05
VAL   5,R VAL   5,0.0,0.0,0.0,-0.0001970000000000026,0.000397732322045876,7.261565487781185e-06,-0.002841333333333361,0.0027559919367726162,5.0317298402423776e-05,0.003808666666666641,0.0027160126820191593,4.9587380413733315e-05,0.0,0.0,0.0,0.0007703333333333223,0.000826792933905147,1.5095104676190896e-05
ASP   6,R ASP   6,0.0,0.0,0.0,-0.00022100000000000553,0.00041492047430804075,7.575376778308554e-06,0.03484599999999999,0.05461435968680785,0.0009971172254721811,-0.033766999999999985,0.054412247803229,0.0009934271842129815,0.0,0.0,0.0,0.0008580000000000444,0.001307606974591321,2.3873527877825036e-05
TRP   7,R TRP   7,0.0,0.0,0.0,-0.0005126666666666689,0.0004998395298048741,9.125779520230178e-06,0.007147999999999995,0.006010887011637031,0.00010974328022961399,-0.008209000000000024,0.006081939301461751,0.00011104051162626046,0.0,0.0,0.0,-0.0015736666666666492,0.0013253577714044062,2.4197611605432286e-05
ARG   8,R ARG   8,0.0,0.0,0.0,-0.0004283333333333329,0.000494837234743793,9.034450525421818e-06,-0.06599066666666673,0.0576257458047663,0.0010520973623443066,0.06706699999999989,0.05733325251835357,0.001046757189981404,0.0,0.0,0.0,0.0006479999999998161,0.0014832720586589168,2.708071884815382e-05
ALA   9,R ALA   9,0.0,0.0,0.0,-7.933333333333273e-05,0.0002702583126483889,4.934219139693545e-06,0.0018443333333333228,0.002279788269896029,4.16230487252577e-05,-0.0019650000000000067,0.002300385837202094,4.199910713336645e-05,0.0,0.0,0.0,-0.0001999999999999879,0.0006884765791223354,1.2569805089976446e-05
ARG  10,R ARG  10,0.0,0.0,0.0,-0.00016899999999999923,0.0003747519179403868,6.842002630809159e-06,-0.0036096666666666504,0.050754671113985926,0.0009266492755961983,0.004100333333333307,0.05055169894826042,0.0009229435278057471,0.0,0.0,0.0,0.0003216666666667815,0.0007925889364743942,1.4470627977868494e-05
GLY  11,R GLY  11,0.0,0.0,0.0,-7.066666666666617e-05,0.0002562672216435178,4.678777934777694e-06,0.0016453333333333073,0.002514268261122689,4.5904048074539534e-05,-0.0010756666666666647,0.002444573832434237,4.4631607717036186e-05,0.0,0.0,0.0,0.0004989999999999805,0.0006648300534723093,1.213808057313832e-05
ALA  12,R ALA  12,0.0,0.0,0.0,-0.00018900000000000134,0.0003915086205947474,7.14793676524916e-06,0.005054333333333319,0.003204275459791491,5.8501798326267914e-05,-0.002817666666666664,0.003090806996382804,5.6430157093788336e-05,0.0,0.0,0.0,0.0020476666666666508,0.0009497690362515149,1.734033085249655e-05
VAL  13,R VAL  13,0.0,0.0,0.0,-0.0005619999999999998,0.0004961411089599237,9.058255902765956e-06,-0.008097333333333394,0.0033271398461074257,6.0744984856243467e-05,0.013440333333333427,0.003686702215017793,6.730966553231688e-05,0.0,0.0,0.0,0.004780999999999923,0.0014903150673598877,2.720930600609472e-05
THR  14,R THR  14,0.0,0.0,0.0,-0.0005819999999999942,0.0004932301693935453,9.005109660631298e-06,0.003615333333333394,0.007074698925670941,0.0001291657396382513,-0.004177666666666662,0.007307719746192338,0.00013342009829718236,0.0,0.0,0.0,-0.001144333333333275,0.0020751308124763446,3.7886531858910554e-05
ALA  15,R ALA  15,0.0,0.0,0.0,-0.00041266666666666475,0.0004923138113935935,8.988379329053832e-06,0.018123666666666836,0.004870493461195804,8.892263782927848e-05,-0.014865000000000047,0.005149055738676646,9.400846593082083e-05,0.0,0.0,0.0,0.0028459999999999965,0.0018247239060562765,3.3314748152198674e-05
VAL  16,R VAL  16,0.0,0.0,0.0,-0.0012056666666666633,0.0004397361582687025,8.02844710781434e-06,-0.0178473333333332,0.0052491929115080415,9.583671221097244e-05,0.029290000000000278,0.006283568519027055,0.00011472174065001491,0.0,0.0,0.0,0.010237000000000005,0.00258085857807043,4.7119815364662744e-05
LYS  17,R LYS  17,0.0,0.0,0.0,-0.0024073333333333286,0.0005190499868884953,9.47651287638632e-06,-0.3248496666666673,0.07528051363547812,0.0013744278486242203,0.34925933333333364,0.0774812326495127,0.0014146072968481292,0.0,0.0,0.0,0.022002333333333627,0.007579467520142679,0.00013838151115532957
ASP  18,R ASP  18,0.0,0.0,0.0,-0.002618666666666675,0.0006015963947883571,1.0983597197978884e-05,0.3611890000000006,0.08192202356915833,0.0014956846755099298,-0.3307289999999997,0.08089301716258844,0.0014768976748200744,0.0,0.0,0.0,0.02784133333333329,0.006576485248385738,0.0001200696439880278
GLN  19,R GLN  19,0.0,0.0,0.0,-0.04316333333333383,0.00879939328716284,0.00016065420652462068,0.09334666666666701,0.06267828296591674,0.0011443436482041467,-0.02157466666666667,0.08030975713794403,0.0014662488524071157,-9.528000000000013e-07,3.0115303952641795e-05,5.498277100328801e-07,0.028607713866666936,0.027470188995144803,0.000501534739052366
GLY  20,R GLY  20,0.0,0.0,0.0,-0.003498333333333282,0.0007576260437858456,1.3832295811163476e-05,0.03809066666666691,0.019029830430726303,0.0003474355797469016,-0.026252666666666764,0.020826061226795017,0.00038023011726331143,0.0,0.0,0.0,0.008339666666666665,0.004435796796768588,8.098619886997715e-05
GLN  21,R GLN  21,0.0,0.0,0.0,-0.007476333333333393,0.0023184994908103202,4.232981568936847e-05,-0.0029753333333334218,0.0217254549217169,0.00039665072442286595,0.043936333333333306,0.023551325791885746,0.0004299864131789681,0.0,0.0,0.0,0.033484666666666614,0.008626959577716644,0.00015750601211335494
CYX  22,R CYX  22,0.0,0.0,0.0,-0.04242966666666712,0.009831635327969185,0.00017950028154311415,-0.010677000000000035,0.034981738154833485,0.0006386762362713815,0.12730899999999964,0.049890461870649286,0.0009108710456968667,0.0,0.0,0.0,0.07420233333333327,0.025982931472196873,0.00047438125591443803
GLY  23,R GLY  23,0.0,0.0,0.0,-0.46301033333333386,0.1902775032066473,0.0034739760230680767,0.3245643333333331,0.2760551065661023,0.005040053632691558,0.06985599999999977,0.22923599324131763,0.004185257483012382,-0.07783756080000034,0.023894596720664803,0.000436253654213236,-0.14642756080000002,0.33506638911360925,0.0061174473193109065
SER  24,R SER  24,0.0,0.0,0.0,-0.15763433333333293,0.03678873860149325,0.0006716673998066304,-0.013378333333333377,0.05478954763963239,0.0010003157052576863,-0.005574999999999995,0.06971726979976584,0.001272857377233514,0.0,0.0,0.0,-0.17658766666666634,0.07330910571833739,0.0013384350290821451
CYS  25,R CYS  25,0.0,0.0,0.0,-0.5495179999999994,0.3342700410486526,0.006102908059350829,-1.4814133333333324,1.1790882671887741,0.021527108040965665,0.6142216666666654,0.5085010369021448,0.009283916280869052,-0.05860870079999976,0.020413928184729733,0.0003727056318022321,-1.4753183674666688,0.6948014464332143,0.012685280839956292
TRP  26,R TRP  26,0.0,0.0,0.0,-1.4013766666666652,0.27983559719156564,0.00510907563249166,-0.7087533333333339,0.3533428776069402,0.006451128819970273,0.8903536666666659,0.23669288664122515,0.004321401107147073,-0.08221135919999978,0.01842411606322897,0.0003363767989974595,-1.301987692533334,0.31481464271930476,0.00574770270834309
ALA  27,R ALA  27,0.0,0.0,0.0,-0.05398233333333339,0.009693091417200563,0.00017697082737201558,-0.12401633333333348,0.03309404880874313,0.0006042119017241861,0.17086700000000019,0.04445836978942358,0.0008116950667857831,0.0,0.0,0.0,-0.007131666666666657,0.020281658312102803,0.0003702907253716952
PHE  28,R PHE  28,0.0,0.0,0.0,-0.03092300000000017,0.0050803284998752266,9.275368396393476e-05,-0.16756000000000004,0.029068512173824616,0.0005307159943572424,0.1927366666666665,0.03871972781699429,0.0007069222781942678,0.0,0.0,0.0,-0.005746333333333327,0.014628533301584206,0.00026707925574977307
SER  29,R SER  29,0.0,0.0,0.0,-0.05645700000000005,0.014066466661294998,0.00025681736982618834,-0.25062133333333353,0.04703391625435772,0.0008587178966773537,0.405626333333333,0.06621295975780395,0.001208877721951034,0.0,0.0,0.0,0.09854799999999998,0.032893702984005624,0.0006005541041404958
ALA  30,R ALA  30,0.0,0.0,0.0,-0.0188856666666667,0.003402145581182077,6.21143959576649e-05,-0.0687183333333334,0.02337456589020506,0.00042675923366520445,0.10071066666666689,0.0288858953970404,0.0005273818834231224,0.0,0.0,0.0,0.013106666666666685,0.011454807821269853,0.00020913522118653677
ILE  31,R ILE  31,0.0,0.0,0.0,-0.006602,0.0009292986602809443,1.696659462984011e-05,-0.05716633333333321,0.010884606862701275,0.00019872482360923415,0.07214366666666672,0.01621403794727039,0.0002960264777321584,0.0,0.0,0.0,0.008375333333333313,0.00936780612286324,0.00017103195759424027
GLY  32,R GLY  32,0.0,0.0,0.0,-0.0021600000000000026,0.00048552377216064014,8.86441074057938e-06,-0.04119000000000005,0.0090392791010485,0.0001650339022409761,0.06361166666666676,0.01234199594428961,0.0002253329861108231,0.0,0.0,0.0,0.020261666666666674,0.006977286761740161,0.00012738724498624198
ASN  33,R ASN  33,0.0,0.0,0.0,-0.003965666666666662,0.0006556075214805397,1.1969700946164811e-05,-0.016365000000000057,0.012224719833190177,0.00022319182706063504,0.056366666666666884,0.01502733805066081,0.0002743604009867545,0.0,0.0,0.0,0.03603599999999987,0.009360486312152586,0.00017089831674614383
VAL  34,R VAL  34,0.0,0.0,0.0,-0.0018903333333333359,0.0004300851336910707,7.852244312340817e-06,-0.019966333333333267,0.0068033227094475785,0.00012421111046505347,0.03015700000000033,0.009107854723623871,0.00016628591608695915,0.0,0.0,0.0,0.008300333333333432,0.0049168553523117236,8.976908628170472e-05
GLU  35,R GLU  35,0.0,0.0,0.0,-0.0011420000000000063,0.00036674605201235546,6.695836185437667e-06,0.24553466666666646,0.06696823225646233,0.0012226670481036502,-0.2463660000000007,0.06701539159526243,0.001223528055892245,0.0,0.0,0.0,-0.0019733333333335733,0.005185616860338052,9.467597763287558e-05
CYS  36,R CYS  36,0.0,0.0,0.0,-0.0006833333333333314,0.0004651761912317332,8.49291643839857e-06,-0.004508333333333328,0.006817179076095638,0.0001244640919509936,0.007596000000000006,0.008403577650818173,0.0001534276347699795,0.0,0.0,0.0,0.0024043333333333243,0.003008684300856854,5.4930808666365286e-05
GLN  37,R GLN  37,0.0,0.0,0.0,-0.0008889999999999844,0.00032865229853645556,6.000342582811293e-06,-0.008367333333333189,0.009371431741675805,0.0001710981520345255,0.017740666666666658,0.009667199502556177,0.0001764981078484246,0.0,0.0,0.0,0.008484333333333477,0.0021538541939716367,3.93238175871791e-05
TRP  38,R TRP  38,0.0,0.0,0.0,-0.0004469999999999897,0.0004971830648764999,9.077279328080448e-06,-0.009571666666666648,0.00225968962962235,4.125609943682183e-05,0.008521333333333289,0.0023930896811911245,4.3691640017374173e-05,0.0,0.0,0.0,-0.0014973333333333605,0.00103182341297121,1.8838431954876678e-05
PHE  39,R PHE  39,0.0,0.0,0.0,-0.00024266666666667344,0.0004286951779009967,7.82686730766887e-06,-0.004710999999999982,0.002066916947210646,3.773656788256618e-05,0.005105999999999955,0.0020425712553870873,3.729207839623844e-05,0.0,0.0,0.0,0.00015233333333333654,0.000840115798896554,1.5338345799070545e-05
LEU  40,R LEU  40,0.0,0.0,0.0,-0.00026166666666667106,0.0004395420596737364,8.024903368519575e-06,-0.0034343333333333457,0.0025731345130447602,4.697879387632287e-05,0.0038989999999999815,0.0026019477960431,4.750485004478857e-05,0.0,0.0,0.0,0.00020299999999997645,0.0008019503309640454,1.4641542875591378e-05
ALA  41,R ALA  41,0.0,0.0,0.0,-0.00010466666666666772,0.0003061234318956282,5.589023634337733e-06,-0.0025433333333333276,0.0016344587959185868,2.984099839457809e-05,0.002559666666666657,0.0016398495527199094,2.9939419697981717e-05,0.0,0.0,0.0,-8.83333333333296e-05,0.0006805859403647652,1.2425742395288254e-05
GLY  42,R GLY  42,0.0,0.0,0.0,-4.733333333333297e-05,0.00021235086269871418,3.876978586858937e-06,-0.001264666666666662,0.0014780454060082918,2.6985293662920773e-05,0.0013733333333333254,0.0014854703706981692,2.7120854351231614e-05,0.0,0.0,0.0,6.133333333332613e-05,0.0006209440840812774,1.133683606002334e-05
HID  43,R HID  43,0.0,0.0,0.0,-0.0001446666666666709,0.0003517644413840454,6.422310649141514e-06,-0.0029689999999999933,0.002851673017721353,5.2064187947827144e-05,0.0032026666666666874,0.0028942920070757217,5.284230067607582e-05,0.0,0.0,0.0,8.900000000002469e-05,0.0006950388478351217,1.2689615176723227e-05
PRO  44,R PRO  44,0.0,0.0,0.0,-8.033333333333262e-05,0.0002718085519053575,4.962522506712603e-06,0.0033720000000000035,0.002681470243479625,4.895672465442202e-05,-0.00337566666666668,0.0026802750895300585,4.8934904228493056e-05,0.0,0.0,0.0,-8.400000000003042e-05,0.0006549381650201267,1.1957480225085476e-05
LEU  45,R LEU  45,0.0,0.0,0.0,-0.00019666666666666552,0.00039747816152448865,7.256925172754814e-06,-0.0031726666666667025,0.0024305389434353076,4.4375366873809694e-05,0.004110666666666653,0.0023988371256831276,4.379657351725014e-05,0.0,0.0,0.0,0.0007413333333333027,0.0007636043187119114,1.3941443678895936e-05
THR  46,R THR  46,0.0,0.0,0.0,-0.00023866666666666592,0.0004262685642747875,7.782563606954729e-06,0.00418866666666666,0.0035873488198884815,6.549572900974861e-05,-0.0021940000000000015,0.0038970541010700213,7.115014796580227e-05,0.0,0.0,0.0,0.0017559999999999622,0.0009756010113429407,1.78119560345794e-05
ASN  47,R ASN  47,0.0,0.0,0.0,-0.0004520000000000025,0.0004976906669810027,9.086546832176224e-06,0.0030236666666668887,0.013104748753367798,0.00023925888342190825,0.002201333333333332,0.014850750762915331,0.00027113637295785937,0.0,0.0,0.0,0.004773000000000079,0.002442158403270544,4.458750821573584e-05
LEU  48,R LEU  48,0.0,0.0,0.0,-0.001018666666666655,0.00027866028700822526,5.087617502508958e-06,0.015633333333333336,0.00497703615507157,9.086783238838262e-05,-0.007294666666666727,0.0053427057647682935,9.75440155158828e-05,0.0,0.0,0.0,0.007319999999999984,0.0021490152783697394,3.9235471479545e-05
SER  49,R SER  49,0.0,0.0,0.0,-0.001285666666666666,0.0004546733870471367,8.301162346099799e-06,0.010650666666666624,0.010810610507994301,0.00019737384118769538,0.007584666666666724,0.011129218221520293,0.00020319079557747303,0.0,0.0,0.0,0.016949666666666686,0.004052382001846449,7.398603446797473e-05
GLH  50,R GLH  50,0.0,0.0,0.0,-0.0067169999999999895,0.0011311841877725797,2.0652503211206714e-05,-0.009211666666666759,0.010892208096718663,0.0001988636025204408,0.05317000000000001,0.01462734083830621,0.00026705748444856125,0.0,0.0,0.0,0.03724133333333323,0.009318034032038463,0.00017012324769827606
GLN  51,R GLN  51,0.0,0.0,0.0,-0.003398333333333346,0.000630605969594961,1.1513237148152567e-05,0.03278966666666684,0.015871150763431117,0.00028976624288988535,-0.01643966666666668,0.02074805275736091,0.00037880588398379433,0.0,0.0,0.0,0.01295166666666691,0.008276593334350837,0.00015110922895069504
MET  52,R MET  52,0.0,0.0,0.0,-0.0027783333333333423,0.0005620176944627376,1.0260992299142921e-05,-0.009218999999999936,0.006970583834945218,0.0001272648668460121,0.02449166666666689,0.008477849406278548,0.00015478364529835135,0.0,0.0,0.0,0.012494333333333316,0.005790909648367446,0.00010572706142950532
LEU  53,R LEU  53,0.0,0.0,0.0,-0.015186333333333319,0.0026459301872039727,4.830785497051609e-05,-0.036682666666666475,0.017446278482498773,0.00031852400897938585,0.08557433333333357,0.02150072420227132,0.00039254772160937564,0.0,0.0,0.0,0.033705333333333386,0.011752581484744251,0.0002145717996037328
VAL  54,R VAL  54,0.0,0.0,0.0,-0.01920900000000005,0.0034559107338008,6.309600885423098e-05,-0.02346433333333324,0.017643357424884626,0.00032212216172451897,0.05168999999999997,0.02132474071745443,0.0003893347174632897,0.0,0.0,0.0,0.009016666666666628,0.012765959510441115,0.00023307346640220685
SER  55,R SER  55,0.0,0.0,0.0,-0.0029540000000000135,0.0006500389731907071,1.1868033629134873e-05,-0.0005443333333333354,0.014490710859796436,0.00026456297373985294,-0.00082566666666666,0.017759277609807864,0.0003242385650629399,0.0,0.0,0.0,-0.004323999999999948,0.0061105120352825506,0.00011156217598770188
CYX  56,R CYX  56,0.0,0.0,0.0,-0.0036359999999999856,0.0009795427504708325,1.7883922015784303e-05,-0.02426799999999991,0.009808576655152562,0.00017907928970152095,0.03026966666666703,0.011007858400048752,0.0002009750785176476,0.0,0.0,0.0,0.002365666666666622,0.004399691794761217,8.032701473537026e-05
ASP  57,R ASP  57,0.0,0.0,0.0,-0.03752033333333368,0.01445059121820053,0.00026383049264981623,0.3407766666666669,0.4931596794706111,0.00900382269660237,-0.25060199999999944,0.4831086057289132,0.008820316036086509,-1.0305600000000007e-05,0.0003917827774272884,7.152942161298389e-06,0.05264402773333332,0.05834021932962502,0.0010651418045544848
LYS  58,R LYS  58,0.0,0.0,0.0,-0.02306900000000025,0.020811460921008246,0.0003799635533691152,-0.12492566666666731,0.3610754539906514,0.006592305703736617,0.19440399999999974,0.3849454551630227,0.007028110306729368,-0.0010108127999999999,0.008339587417161365,0.00015225933828885084,0.04539852053333319,0.05305230506889366,0.0009685981404626242
THR  59,R THR  59,0.0,0.0,0.0,-0.2997726666666661,0.242593068710181,0.004429123200898894,-0.08642866666666653,0.10997422536616919,0.002007845465906923,0.2432306666666667,0.14191861327144084,0.0025910675272873395,-0.09868889999999987,0.08433114830061747,0.0015396690741520547,-0.24165956666666727,0.27477826214784323,0.005016741749681389
ASP  60,R ASP  60,0.0,0.0,0.0,-0.0720899999999998,0.059654476501488495,0.0010891367478675703,0.5836430000000008,0.5848008996382159,0.01067695481270552,-0.4254029999999991,0.5851045649491494,0.010682498957396524,-0.0033792503999999965,0.011376531167994043,0.00020770609156236437,0.08277074959999971,0.08871513084926867,0.001619709278605563
SER  61,R SER  61,0.0,0.0,0.0,-0.008463666666666736,0.005382565672820093,9.827175454188455e-05,0.021200333333333266,0.03593717017085363,0.0006561199585159438,-0.00020133333333333415,0.034613737131697214,0.0006319574875528243,0.0,0.0,0.0,0.01253533333333336,0.009206089554685536,0.00016807943051713191
GLY  62,R GLY  62,0.0,0.0,0.0,-0.016846333333333536,0.0040730889042857946,7.436408905337766e-05,-0.015242666666666698,0.034080303884925764,0.0006222183734801596,0.10587899999999986,0.03799532022499616,0.0006936964655620886,0.0,0.0,0.0,0.07379000000000008,0.018593419086689985,0.00033946783516424026
CYX  63,R CYX  63,0.0,0.0,0.0,-0.12860966666666657,0.04719901806770482,0.0008617322295925276,0.05036066666666671,0.07809211603114759,0.0014257604504523446,0.09808733333333333,0.08097137584493823,0.0014783283020833866,-0.0001474439999999999,0.0012415122144159515,2.2666808175126904e-05,0.019690889333333277,0.05159924056263586,0.0009420689335430406
SER  64,R SER  64,0.0,0.0,0.0,-0.7131316666666659,0.2357629664102399,0.004304423164240705,-0.2901019999999997,0.25707332857118154,0.004693495366379114,1.0143503333333315,0.3397196632517655,0.006202404093035027,-0.13302765359999993,0.029351695577286955,0.0005358861922901561,-0.12191098693333352,0.3494544993275336,0.006380137070112135
GLY  65,R GLY  65,0.0,0.0,0.0,-1.1845203333333345,0.3076829746994249,0.005617496860105544,-0.8560243333333337,0.4046332772703632,0.007387559115940677,1.7229916666666596,0.44460781699221147,0.00811739102032543,-0.1823004912000003,0.03301324575904947,0.0006027366466231052,-0.49985349120000033,0.3468014446330152,0.006331699140029378
GLY  66,R GLY  66,0.0,0.0,0.0,-1.2355926666666697,0.33794519883093915,0.006170006953342462,0.0008773333333335122,0.44247767207648175,0.008078500072955427,1.0662709999999984,0.48826543282556734,0.008914466386952887,-0.13925789520000004,0.0415548341465247,0.0007586840011812505,-0.307702228533333,0.4076487757290983,0.00744261433353972
LEU  67,R LEU  67,0.0,0.0,0.0,-2.531501000000002,0.4447702043366413,0.00812035579404535,0.16833266666666652,0.19895951179294982,0.003632487087973791,0.3322443333333333,0.20577783157543675,0.003756972006278851,-0.3659173416000001,0.04994632235822061,0.000911890914000735,-2.3968413416,0.4528661368413071,0.008268166622606841
MET  68,R MET  68,0.0,0.0,0.0,-0.628490666666666,0.15494648080189277,0.002828922758041261,0.07009333333333329,0.11976901639776827,0.0021866730657087935,-0.22627933333333358,0.13328599066001653,0.0024334581227971313,-0.023240851200000034,0.00988438683267006,0.00018046338784534778,-0.8079175178666667,0.19307639659710554,0.00352507659126828
ASN  69,R ASN  69,0.0,0.0,0.0,-0.04483800000000003,0.015970381627667094,0.0002915779423146446,0.08141299999999983,0.08077192023015618,0.0014746867574354802,0.009611666666666656,0.07358379937564762,0.001343450226165892,-1.3003199999999982e-05,0.0004847790011848284,8.850813145125139e-06,0.04617366346666626,0.04548585482063115,0.0008304542910888261
ASN  70,R ASN  70,0.0,0.0,0.0,-0.11836400000000018,0.08852257435629972,0.001616193694112457,0.017940333333333246,0.25919552743033397,0.004732241239268098,0.23002100000000006,0.2567041810313966,0.004686755685226189,-0.010295587199999994,0.025166121470793144,0.0004594684138156164,0.11930174613333298,0.08538207834442355,0.0015588563438638041
ALA  71,R ALA  71,0.0,0.0,0.0,-0.024359000000000137,0.0057790528924140635,0.00010551058767302194,0.01206200000000002,0.01987660658496134,0.0003628955264413017,0.03419533333333361,0.02376779007162562,0.00043393849214255596,0.0,0.0,0.0,0.021898333333333336,0.012868384924129086,0.00023494349005349685
PHE  72,R PHE  72,0.0,0.0,0.0,-0.013797333333333226,0.0020471751811276173,3.7376134195610674e-05,0.018688666666666635,0.018127283439304684,0.00033095740153323347,-0.05410333333333355,0.020166126439044398,0.00036818141160553154,0.0,0.0,0.0,-0.049211999999999895,0.011620142971008043,0.0002121538142218735
GLU  73,R GLU  73,0.0,0.0,0.0,-0.00633299999999997,0.001617439643387029,2.9530272602872913e-05,-0.004784666666666614,0.24692577352628706,0.004508227206325313,0.01949566666666656,0.24442588238814253,0.004462585647403012,0.0,0.0,0.0,0.008377999999999816,0.007521199992908515,0.00013731769652078964
TRP  74,R TRP  74,0.0,0.0,0.0,-0.009122999999999971,0.0027621014342946483,5.042884205601841e-05,0.0033829999999999867,0.020211720469404105,0.00036901384090271775,0.00875633333333333,0.02172285186669138,0.00039660319935766914,0.0,0.0,0.0,0.003016333333333294,0.005094578807146196,9.301385778872442e-05
ILE  75,R ILE  75,0.0,0.0,0.0,-0.003320000000000005,0.0006867313885356109,1.2537942414926623e-05,-0.002114666666666675,0.009759449346943443,0.00017818235187166617,0.0067970000000000174,0.010225415606875368,0.00018668969292503387,0.0,0.0,0.0,0.0013623333333333536,0.0033830530425769403,6.176581548852918e-05
VAL  76,R VAL  76,0.0,0.0,0.0,-0.001203666666666668,0.00043303566699397336,7.906113433896484e-06,0.0038406666666666364,0.012144763462313895,0.00022173203012912875,-0.003271666666666662,0.012175817449171619,0.00022229899576587688,0.0,0.0,0.0,-0.0006346666666666859,0.001851809445440396,3.380926018229457e-05
GLN  77,R GLN  77,0.0,0.0,0.0,-0.0014609999999999834,0.0005601895512532817,1.0227615123337294e-05,0.0032233333333332105,0.02621459114479744,0.00047861076352602444,0.004792666666666679,0.026607937654433447,0.0004857922554008099,0.0,0.0,0.0,0.006554999999999919,0.002423284616658455,4.424292159330317e-05
GLU  78,R GLU  78,0.0,0.0,0.0,-0.001479333333333328,0.0005599757931276079,1.0223712451761239e-05,0.08249166666666671,0.17146698592991258,0.003130544535374468,-0.0690939999999999,0.1693186340326034,0.003091321175520626,0.0,0.0,0.0,0.011918333333333309,0.003575331763937682,6.527632858911347e-05
ASN  79,R ASN  79,0.0,0.0,0.0,-0.0008886666666666714,0.0003850604570135878,7.030209943653013e-06,0.003689333333333271,0.01523640879239222,0.00027817749303210885,0.004038999999999996,0.015323603111975148,0.0002797694362228383,0.0,0.0,0.0,0.006839666666666576,0.002401935307668082,4.385313832259733e-05
ASN  80,R ASN  80,0.0,0.0,0.0,-0.00034866666666666824,0.00047654823703611196,8.700540638799911e-06,-0.0003433333333333574,0.007394645961024135,0.0001350071465872462,0.002606333333333364,0.007493776966404996,0.0001368170228470883,0.0,0.0,0.0,0.0019143333333332061,0.0010467383733400984,1.911074062948787e-05
GLY  81,R GLY  81,0.0,0.0,0.0,-0.0003230000000000043,0.0004676227111678904,8.537583576945885e-06,0.0006400000000000218,0.004904460554773953,8.954278927479983e-05,0.0014279999999999985,0.005065453188017821,9.248209916879393e-05,0.0,0.0,0.0,0.0017450000000000117,0.0009099313160892741,1.6612996920081964e-05
ALA  82,R ALA  82,0.0,0.0,0.0,-0.0003596666666666703,0.00047990265216558265,8.761783599921502e-06,0.005209999999999991,0.0072846345138243215,0.00013299862154674197,-0.0019550000000000036,0.007148447966750102,0.00013051220675136568,0.0,0.0,0.0,0.002895333333333363,0.0010131032633558616,1.8496650347403413e-05
VAL  83,R VAL  83,0.0,0.0,0.0,-0.0009513333333333268,0.000302707045764568,5.526649242700085e-06,-0.011571666666666666,0.004417714026758828,8.065605416875971e-05,0.017831666666666864,0.004999132980382674,9.127126337745406e-05,0.0,0.0,0.0,0.005308666666666659,0.001671344236103274,3.051443131566678e-05
TYR  84,R TYR  84,0.0,0.0,0.0,-0.0007519999999999838,0.00043185182644047234,7.884499561375087e-06,0.00911199999999999,0.005162763084499107,9.425872668117036e-05,-0.00964033333333328,0.005274369462051553,9.629637103273413e-05,0.0,0.0,0.0,-0.001280333333333296,0.0011695069711444468,2.1352178308511895e-05
THR  85,R THR  85,0.0,0.0,0.0,-0.0003050000000000045,0.00046040742826328185,8.405851136758034e-06,0.005368666666666731,0.004898035479205463,8.942548398071526e-05,-0.0018443333333333406,0.005040578791721795,9.202795690360539e-05,0.0,0.0,0.0,0.0032193333333333926,0.0014200561804223778,2.5926560098065413e-05
GLU  86,R GLU  86,0.0,0.0,0.0,-0.0006783333333333348,0.0004671158552459974,8.528329696218355e-06,0.30704233333333314,0.07323170448120224,0.0013370218822968873,-0.3038790000000008,0.0726850261447711,0.0013270409470781297,0.0,0.0,0.0,0.0024850000000001533,0.0022786929733217883,4.1603051437228705e-05
ASP  87,R ASP  87,0.0,0.0,0.0,-0.00017566666666666439,0.00038053631743748873,6.947610833681969e-06,0.15127266666666633,0.04409455355130661,0.0008050527214390054,-0.151564,0.04391016477612931,0.0008016862583884935,0.0,0.0,0.0,-0.0004670000000000319,0.0008549333307339061,1.5608875680199502e-05
SER  88,R SER  88,0.0,0.0,0.0,-0.00015633333333333225,0.0003631710646819479,6.6305661453156875e-06,-0.002269000000000012,0.0026610722776103895,4.858431045329533e-05,0.004039000000000015,0.0027964523358474185,5.1056000844388125e-05,0.0,0.0,0.0,0.0016136666666666671,0.0008357112074288376,1.5257929328955109e-05
TYR  89,R TYR  89,0.0,0.0,0.0,-0.0010476666666666638,0.0003120810080019378,5.697793595053719e-06,0.014513333333333283,0.007898722822217761,0.00014421028884031785,-0.013956000000000022,0.008414356620285017,0.00015362443092743452,0.0,0.0,0.0,-0.0004903333333333805,0.0013053377170508984,2.3832097093035765e-05
PRO  90,R PRO  90,0.0,0.0,0.0,-0.0004963333333333347,0.0004999865553747873,9.128463827602562e-06,0.005545333333333312,0.006116475964329629,0.00011167106193671671,-0.004077666666666651,0.006208781514024229,0.0001133563229950716,0.0,0.0,0.0,0.0009713333333333386,0.0009728882544031612,1.7762428095614537e-05
TYR  91,R TYR  91,0.0,0.0,0.0,-0.0058943333333332975,0.0009021277933619671,1.647052473922362e-05,-0.003575000000000023,0.00922487804797442,0.00016842245990366045,-0.002957333333333338,0.012754431108006663,0.00023286298753336196,0.0,0.0,0.0,-0.012426666666666654,0.006393326381643811,0.00011672563589063991
ALA  92,R ALA  92,0.0,0.0,0.0,-0.0008619999999999955,0.00036279838294380574,6.623761938823997e-06,-0.01603333333333346,0.005636862799662457,0.0001029145636312284,0.023520666666666794,0.0066047134347784735,0.00012058501780285318,0.0,0.0,0.0,0.006625333333333325,0.0022965825819149122,4.192966950960844e-05
SER  93,R SER  93,0.0,0.0,0.0,-0.003517999999999957,0.0007431975959776528,1.3568869600019038e-05,-0.026595666666666653,0.019434441452111633,0.00035482273252783323,0.04976366666666671,0.02188109869016801,0.0003994923778533921,0.0,0.0,0.0,0.019649999999999997,0.006608895520433064,0.00012066137189120112
GLY  94,R GLY  94,0.0,0.0,0.0,-0.0025450000000000086,0.0006434088902090539,1.1746985428895453e-05,0.018849666666666605,0.018568819740510095,0.0003390187146041534,-0.010363666666666658,0.017843731295767513,0.0003257804713584251,0.0,0.0,0.0,0.0059410000000000235,0.005283766238836336,9.646793191982967e-05
GLU  95,R GLU  95,0.0,0.0,0.0,-0.003295000000000019,0.0017517538830173717,3.198250389752935e-05,0.30032133333333344,0.11556777843134189,0.0021099693055868316,-0.2772793333333328,0.112160732758346,0.0020477654466018245,0.0,0.0,0.0,0.01974700000000013,0.011455376801600687,0.00020914560929860258
GLY  96,R GLY  96,0.0,0.0,0.0,-0.001746000000000009,0.0010070504787082757,1.838614212449662e-05,0.02518433333333339,0.024730029408707697,0.00045150649849717833,-0.01759699999999991,0.023240810176641088,0.0004243171996147316,0.0,0.0,0.0,0.00584133333333335,0.0028250353783428155,5.157785341561671e-05
ILE  97,R ILE  97,0.0,0.0,0.0,-0.002301666666666651,0.0010049861801151414,1.8348453361000425e-05,0.004104666666666675,0.013186573154370194,0.0002407527857613536,0.004197999999999988,0.01475631376733367,0.0002694121971997563,0.0,0.0,0.0,0.0060009999999999595,0.003119882316156579,5.6960997377347416e-05
SER  98,R SER  98,0.0,0.0,0.0,-0.003044333333333305,0.0011490726212424723,2.0979099828869733e-05,-0.013303666666666639,0.018003169717827224,0.00032869140536826287,0.025460000000000073,0.019714657829476227,0.00035993876022333217,0.0,0.0,0.0,0.00911200000000003,0.00692700916702155,0.00012646930589409246
PRO  99,R PRO  99,0.0,0.0,0.0,-0.0013949999999999946,0.0005243805869785818,9.5738358735323e-06,0.017848333333333292,0.010906572814388418,0.00019912586518377136,-0.01972466666666666,0.011183448702832595,0.0002041809041747767,0.0,0.0,0.0,-0.003271333333333326,0.0020919794985184595,3.8194145372563516e-05
PRO 100,R PRO 100,0.0,0.0,0.0,-0.0006906666666666676,0.0004636588784392389,8.465214223623896e-06,0.010857333333333281,0.004317211239780711,7.882113271809134e-05,-0.008748666666666622,0.004489339025835485,8.196374175794542e-05,0.0,0.0,0.0,0.0014179999999999826,0.0009479500690085696,1.7307121206152413e-05
CYX 101,R CYX 101,0.0,0.0,0.0,-0.0008830000000000013,0.0003881292739968096,7.086238619871863e-06,-0.010371333333333276,0.005558067250003002,0.00010147596029857831,0.013591333333333398,0.005764228039285582,0.00010523992412401627,0.0,0.0,0.0,0.002337000000000029,0.0010253930953541474,1.8721030954517076e-05
THR 102,R THR 102,0.0,0.0,0.0,-0.0004203333333333303,0.0004936124210574692,9.012088589263798e-06,0.013368666666666688,0.006754214848686834,0.00012331452769540405,-0.010491333333333297,0.006772980010469699,0.00012365713110886102,0.0,0.0,0.0,0.002457000000000029,0.0010970343355307462,2.0029015064262694e-05
THR 103,R THR 103,0.0,0.0,0.0,-0.0003266666666666639,0.00046899419565230743,8.562623343258668e-06,-0.0007029999999999888,0.0037930802346729437,6.925185356524534e-05,0.0016316666666666515,0.0038753060811014873,7.075308526187431e-05,0.0,0.0,0.0,0.0006019999999999846,0.0009806100142257961,1.790340749689768e-05
SER 104,R SER 104,0.0,0.0,0.0,-0.00010833333333333258,0.00031080093664952315,5.674422796555931e-06,0.006101333333333348,0.003502627331335987,6.394893333022805e-05,-0.0060466666666666715,0.0034968303107560435,6.384309469896283e-05,0.0,0.0,0.0,-5.366666666669702e-05,0.0006608982944110917,1.2066296802188178e-05
GLY 105,R GLY 105,0.0,0.0,0.0,-5.633333333333305e-05,0.0002305642836366644,4.209508636760678e-06,0.0009283333333333279,0.0020679774069258107,3.7755929139476885e-05,-0.0009283333333333319,0.002040391438479928,3.725228056652903e-05,0.0,0.0,0.0,-5.6333333333337045e-05,0.0006365217112470573,1.1621243319726768e-05
HID 106,R HID 106,0.0,0.0,0.0,-0.0003003333333333186,0.0004584029038108344,8.369253694768829e-06,-0.0056293333333333325,0.0033614391097993215,6.137120087057243e-05,0.006393333333333317,0.0033569761525648885,6.12897187922231e-05,0.0,0.0,0.0,0.0004636666666666656,0.0008497136118848078,1.55135770882833e-05
THR 107,R THR 107,0.0,0.0,0.0,-0.00013966666666666882,0.00034664086442439535,6.328767359944378e-06,0.005553666666666631,0.002692171345875911,4.915209916017597e-05,-0.00555033333333332,0.0026989133409989407,4.927519058722508e-05,0.0,0.0,0.0,-0.00013633333333339781,0.0007007709246886362,1.2794268103190664e-05
VAL 108,R VAL 108,0.0,0.0,0.0,-0.00018633333333333566,0.0003893754258067985,7.108990135085424e-06,-0.0035263333333332625,0.0032625102639259477,5.956501552147915e-05,0.004519333333333309,0.003318678384872841,6.059050041665554e-05,0.0,0.0,0.0,0.0008066666666667507,0.0007298097164482451,1.3324441479505097e-05
GLY 109,R GLY 109,0.0,0.0,0.0,-0.00011766666666666981,0.00032221300753108536,5.882777751545247e-06,-0.007650999999999963,0.0035892244751941286,6.552997363378219e-05,0.009235000000000052,0.0036417635379943276,6.64892012953105e-05,0.0,0.0,0.0,0.0014663333333333553,0.0007755857284802404,1.416019329225682e-05
ALA 110,R ALA 110,0.0,0.0,0.0,-0.00025766666666666695,0.0004373494661658544,7.984872271062697e-06,0.0043353333333333195,0.0030679338686194213,5.601255282589826e-05,-0.003281333333333342,0.0030808307681893725,5.6248016919776284e-05,0.0,0.0,0.0,0.0007963333333333434,0.0008162025211646506,1.4901751077815563e-05
THR 111,R THR 111,0.0,0.0,0.0,-0.0002949999999999997,0.0004560427611529449,8.326163582346953e-06,-0.0018213333333333553,0.003823097987525586,6.979990024401226e-05,0.004533999999999985,0.003984910371221251,7.275417666513882e-05,0.0,0.0,0.0,0.0024176666666666517,0.0009979418264052288,1.821984164666828e-05
ILE 112,R ILE 112,0.0,0.0,0.0,-0.001118333333333334,0.0003834021677327793,6.999933862120751e-06,0.0021320000000000132,0.004218756846908067,7.702360965603056e-05,0.0009513333333333331,0.004187317942974452,7.644961642710794e-05,0.0,0.0,0.0,0.0019650000000000006,0.000991518196168496,1.8102562740610587e-05
THR 113,R THR 113,0.0,0.0,0.0,-0.00034900000000000035,0.0004766539625346702,8.70247091348204e-06,-0.001519333333333325,0.004212793161576076,7.691472815662408e-05,0.004279333333333332,0.004361265820327355,7.962545563565217e-05,0.0,0.0,0.0,0.002411000000000032,0.0013687265370896167,2.4989413313997147e-05
GLY 114,R GLY 114,0.0,0.0,0.0,-0.0005396666666666651,0.0004984240720064986,9.099936914717948e-06,0.009526333333333336,0.005991324830304387,0.00010938612529661747,-0.0057253333333333566,0.0059402490033854715,0.00010845361254506015,0.0,0.0,0.0,0.0032613333333333756,0.0013060263737340115,2.3844670186359686e-05
HIE 115,R HIE 115,0.0,0.0,0.0,-0.004247666666666644,0.000895727575152439,1.6353673276346493e-05,-0.014838333333333347,0.01694883075285392,0.0003094418975558453,0.02828500000000013,0.017972880728104084,0.000328138406604416,0.0,0.0,0.0,0.009199000000000042,0.003890595370034504,7.103222820976855e-05
VAL 116,R VAL 116,0.0,0.0,0.0,-0.0023823333333333123,0.0005490791280762479,1.0024767476754304e-05,-0.0005373333333333292,0.007854718723304021,0.0001434068875870597,-0.0016419999999999994,0.00952798523648449,0.0001739564147199583,0.0,0.0,0.0,-0.004561666666666647,0.005349909396948194,9.767553524391285e-05
GLU 117,R GLU 117,0.0,0.0,0.0,-0.010876333333333347,0.0035820440936547016,6.539887840242759e-05,-0.3752063333333331,0.426443648203632,0.0077857601875308885,0.4535453333333332,0.4269765496428211,0.0077954895921699165,0.0,0.0,0.0,0.06746266666666591,0.021840664051768953,0.00039875414573486783
LEU 118,R LEU 118,0.0,0.0,0.0,-0.0038566666666666294,0.0007836595065604263,1.4307599638217107e-05,-0.02983800000000003,0.025919087355331875,0.00047321562714873954,0.04283066666666661,0.025855908278165154,0.0004720621402911871,0.0,0.0,0.0,0.009135999999999981,0.003334592029019301,6.0881042479026416e-05
PRO 119,R PRO 119,0.0,0.0,0.0,-0.0019156666666666669,0.0005987942514382016,1.0932437293904109e-05,-0.012279000000000016,0.011436250507341433,0.0002087964125383601,0.01650900000000003,0.011481604954592885,0.00020962446766645338,0.0,0.0,0.0,0.0023143333333333423,0.00201234387938273,3.674020453984588e-05
GLN 120,R GLN 120,0.0,0.0,0.0,-0.007545666666666709,0.00346899330578121,6.333486284702617e-05,0.03469300000000004,0.06183277516279981,0.0011289068583270208,-0.001092333333333352,0.06234169130329687,0.0011381983533279778,-1.5911999999999779e-06,8.713908653732714e-05,1.5909347778962938e-06,0.026053408799999896,0.0071815631946722715,0.0001311168053290289
ASP 121,R ASP 121,0.0,0.0,0.0,-0.0011306666666666592,0.000438474121876697,8.005405581137879e-06,-0.2182663333333331,0.15151845894111024,0.0027663359280155468,0.22109900000000016,0.15025197458158893,0.002743213192934303,0.0,0.0,0.0,0.001702000000000171,0.002345747073606538,4.282728621386774e-05
GLU 122,R GLU 122,0.0,0.0,0.0,-0.0014619999999999995,0.0005078280548900148,9.271629366574427e-06,-0.24659333333333378,0.1591062096700043,0.0029048686691802647,0.24150433333333346,0.15810730316641186,0.0028866312150183917,0.0,0.0,0.0,-0.006551000000000012,0.0034230686525394283,6.249639722948862e-05
ALA 123,R ALA 123,0.0,0.0,0.0,-0.00029600000000000015,0.00045649096376598975,8.334346605063534e-06,0.007930666666666648,0.00422640819398953,7.716330350242452e-05,-0.00779400000000005,0.004263124519254164,7.783364882162909e-05,0.0,0.0,0.0,-0.00015933333333331942,0.0009570507939614315,1.7473276951030167e-05
GLN 124,R GLN 124,0.0,0.0,0.0,-0.0006379999999999966,0.00048057881767715695,8.774128636698044e-06,0.016974000000000107,0.013305938173111532,0.00024293208287274218,-0.009559333333333333,0.013402057536894219,0.00024468697433130296,0.0,0.0,0.0,0.006776666666666787,0.001801144697747123,3.288425267623079e-05
ILE 125,R ILE 125,0.0,0.0,0.0,-0.0024276666666666518,0.0005762822418071131,1.0521426110913418e-05,0.017174333333333233,0.009463223969075856,0.00017277404115288055,-0.00829300000000003,0.009471174742342993,0.00017291920174848123,0.0,0.0,0.0,0.006453666666666689,0.00250010397561562,4.564544478510069e-05
ALA 126,R ALA 126,0.0,0.0,0.0,-0.0003616666666666666,0.0004804829746087673,8.772378789680127e-06,0.008190333333333317,0.003941502237585133,7.196165619941547e-05,-0.010714000000000078,0.004142085304126566,7.562378520602556e-05,0.0,0.0,0.0,-0.002885333333333346,0.001248272762215419,2.2790238326155577e-05
ALA 127,R ALA 127,0.0,0.0,0.0,-0.00019200000000000312,0.0003938730760029234,7.191105617358262e-06,0.008524333333333276,0.004614694777435368,8.425241418675443e-05,-0.008043000000000033,0.004582701277630883,8.366829546887265e-05,0.0,0.0,0.0,0.00028933333333332493,0.0008288262115117178,1.5132227076550527e-05
TRP 128,R TRP 128,0.0,0.0,0.0,-0.001339666666666666,0.0004735960538499271,8.646641394634547e-06,0.009637000000000007,0.005128732559479494,9.363741714127084e-05,-0.009334333333333309,0.005205563167313271,9.504014570851724e-05,0.0,0.0,0.0,-0.0010370000000000227,0.001408651009535994,2.5718331119176294e-05
LEU 129,R LEU 129,0.0,0.0,0.0,-0.0008666666666666702,0.000347690794944091,6.34793638092606e-06,0.009956333333333312,0.005634869997514561,0.00010287818020826014,-0.006889000000000034,0.00623388688272945,0.00011381468222021606,0.0,0.0,0.0,0.0022006666666666355,0.0020209897465241116,3.6898055755263455e-05
ALA 130,R ALA 130,0.0,0.0,0.0,-0.00015500000000000054,0.0003619046835839516,6.607445295523329e-06,0.005916999999999987,0.003063458448660024,5.593084321036256e-05,-0.006976333333333358,0.0030718788857779246,5.608457865548016e-05,0.0,0.0,0.0,-0.0012143333333333338,0.0008511137148205351,1.553913935364087e-05
VAL 131,R VAL 131,0.0,0.0,0.0,-0.00018066666666666624,0.000384741760434479,7.024391366807092e-06,0.006230333333333314,0.0034878761286618017,6.367961444839532e-05,-0.005150999999999968,0.0034396025448686193,6.279826342255726e-05,0.0,0.0,0.0,0.0008986666666666544,0.0008317040071777453,1.518476819662299e-05
ASN 132,R ASN 132,0.0,0.0,0.0,-0.00036666666666667274,0.00048189440982670574,8.79814795325753e-06,0.012282666666666671,0.009073446582687826,0.0001656577122552095,-0.008574333333333309,0.008922133968706975,0.00016289513452479672,0.0,0.0,0.0,0.003341666666666754,0.0011674461681619116,2.1314553365841616e-05
GLY 133,R GLY 133,0.0,0.0,0.0,-0.00033499999999999996,0.0004719904660054075,8.617327505284564e-06,-0.013734333333333425,0.006183614468002209,0.00011289683770133722,0.02236666666666675,0.006462369706401514,0.00011798618877113821,0.0,0.0,0.0,0.008297333333333316,0.0017226702786337527,3.1451512358380536e-05
PRO 134,R PRO 134,0.0,0.0,0.0,-0.0012856666666666659,0.0004546733870471637,8.301162346100292e-06,-0.005587999999999968,0.008120647921605023,0.00014826206827401716,0.01942733333333347,0.009354431368192032,0.00017078776909975634,0.0,0.0,0.0,0.012553666666666729,0.003918560946174891,7.154280743929248e-05
VAL 135,R VAL 135,0.0,0.0,0.0,-0.004981333333333276,0.0007799475765860438,1.4239829378922144e-05,0.021761666666666624,0.012037449780672784,0.00021977275932366994,0.019523666666666703,0.015720754007220714,0.0002870203863581506,0.0,0.0,0.0,0.03630400000000001,0.009052269549676452,0.00016527107429916414
ALA 136,R ALA 136,0.0,0.0,0.0,-0.017898999999999984,0.00323215083187723,5.9010730662608216e-05,-0.06954099999999996,0.0211294498824113,0.0003857692109423849,0.15483033333333296,0.02916178229387967,0.0005324188659804214,0.0,0.0,0.0,0.06739033333333351,0.016223254088566338,0.0002961947406815232
VAL 137,R VAL 137,0.0,0.0,0.0,-0.08285300000000023,0.019336547201260476,0.000353035436213125,0.20620566666666598,0.04901530408510777,0.0008948929236796214,-0.13090899999999972,0.0515391248050129,0.0009409713749926538,0.0,0.0,0.0,-0.007556333333333336,0.03670365322265473,0.0006701139604298393
ALA 138,R ALA 138,0.0,0.0,0.0,-0.47266399999999925,0.18688268094538557,0.0034119953320276186,0.22477833333333352,0.08745691432864908,0.0015967374929199292,0.10383133333333314,0.08998671504666099,0.0016429251235615255,-0.028448644799999995,0.011697135348407009,0.00021355949628378563,-0.17250297813333354,0.21320642144077062,0.003892598880935439
VAL 139,R VAL 139,0.0,0.0,0.0,-0.2301023333333339,0.039665667705901415,0.0007241926987008799,-0.20032399999999964,0.07563616214483707,0.0013809210723281862,0.005754333333333345,0.06882125626981525,0.001256498483160722,0.0,0.0,0.0,-0.4246719999999991,0.09159296415482493,0.001672251085878657
ASP 140,R ASP 140,0.0,0.0,0.0,-0.056250666666666935,0.009734842896635822,0.0001777331016085457,-0.631559333333334,0.316504208207236,0.005778549812680497,0.5878780000000002,0.31121097846316415,0.0056819091015843145,0.0,0.0,0.0,-0.09993199999999972,0.032463087386548385,0.0005926921749291326
ALA 141,R ALA 141,0.0,0.0,0.0,-0.03353566666666716,0.006278752096463327,0.0001146338052071939,0.05222400000000006,0.023301584152155486,0.00042542677552468165,-0.013802,0.027895246835258458,0.0005092951979615217,0.0,0.0,0.0,0.004886333333333301,0.01547193415690351,0.0002824775781990242
SER 142,R SER 142,0.0,0.0,0.0,-0.01058866666666687,0.001733052669582889,3.164106801583652e-05,0.061610999999999916,0.02606574403951145,0.00047589319961987507,-0.03445333333333358,0.028183999400762712,0.000514567074416994,0.0,0.0,0.0,0.016569000000000004,0.010744389497159345,0.00019616481647385874
SER 143,R SER 143,0.0,0.0,0.0,-0.002935666666666694,0.0005217226806989016,9.525309366028452e-06,0.027406333333333387,0.014306218690563002,0.0002611946229807792,-0.012958333333333395,0.01618606181942406,0.0002955157058557223,0.0,0.0,0.0,0.011512333333333314,0.006582085375387464,0.0001201718878508191
TRP 144,R TRP 144,0.0,0.0,0.0,-0.01706533333333319,0.002123455883435467,3.876882290748886e-05,0.03836166666666717,0.012952767936706747,0.00023648410603546442,-0.10209233333333398,0.022956040771192343,0.00041911804537967783,0.0,0.0,0.0,-0.08079599999999998,0.019828591746935693,0.00036201889944524824
MET 145,R MET 145,0.0,0.0,0.0,-0.0028333333333333166,0.0011481385901634168,2.096204683248941e-05,0.010320999999999978,0.009315933966418397,0.00017008490592119768,-0.012115999999999951,0.009081402828491675,0.00016580297276520364,0.0,0.0,0.0,-0.004628333333333228,0.0043596097557261,7.959522017102574e-05
THR 146,R THR 146,0.0,0.0,0.0,-0.0007393333333333142,0.0004389983548438024,8.014976721853597e-06,0.0032896666666666773,0.005905626686098194,0.00010782149840601538,0.0001836666666666713,0.0058243111085250895,0.0001063368858689037,0.0,0.0,0.0,0.0027339999999999418,0.0018640218167536456,3.403222655725776e-05
TYR 147,R TYR 147,0.0,0.0,0.0,-0.0013693333333333448,0.0004826243075335637,8.811474001214776e-06,0.013823666666666661,0.0040849202222591535,7.458009837801184e-05,-0.012864666666666618,0.004009615720018942,7.320523255938977e-05,0.0,0.0,0.0,-0.0004103333333333623,0.0012516495338374977,2.2851889459120772e-05
THR 148,R THR 148,0.0,0.0,0.0,-0.00031099999999999775,0.00046290279757201744,8.451410138748053e-06,0.0043693333333333015,0.0036362425050531577,6.638840148589024e-05,-0.0030396666666666836,0.003457662007130769,6.312798258447035e-05,0.0,0.0,0.0,0.0010186666666666421,0.0008844875478050932,1.614845939217595e-05
GLY 149,R GLY 149,0.0,0.0,0.0,-0.0001526666666666658,0.000359665894345785,6.5665707832818735e-06,-0.003100333333333328,0.002243419983467662,4.095905769677017e-05,0.004067999999999975,0.0022978343427381164,4.1952523430924114e-05,0.0,0.0,0.0,0.0008150000000000021,0.0007090662874512969,1.2945720013450587e-05
GLY 150,R GLY 150,0.0,0.0,0.0,-0.00014099999999999963,0.0003480215510568267,6.353975133725329e-06,0.0024686666666666685,0.0036292815940470726,6.626131321992962e-05,-0.0019840000000000096,0.0036059779995631378,6.583584974093615e-05,0.0,0.0,0.0,0.0003436666666666584,0.0007363603435516829,1.3444039020517017e-05
VAL 151,R VAL 151,0.0,0.0,0.0,-0.00034266666666667075,0.0004746011190697185,8.664991291056002e-06,0.0013593333333333083,0.003437956692895047,6.276821441414927e-05,0.0016093333333333378,0.0035130299679273606,6.413885862084885e-05,0.0,0.0,0.0,0.0026259999999999617,0.0010305940034757034,1.8815986111106676e-05
MET 152,R MET 152,0.0,0.0,0.0,-0.0014870000000000057,0.0005024914592972721,9.17419690702683e-06,-0.008143666666666655,0.009626925429347712,0.00017576280723579493,0.010861000000000023,0.008517805605514359,0.0001555131423528055,0.0,0.0,0.0,0.0012303333333333409,0.00296804310765336,5.418880539031597e-05
THR 153,R THR 153,0.0,0.0,0.0,-0.00045633333333333,0.0004980895724889396,9.093829817009893e-06,0.0066046666666666415,0.005776017505359746,0.00010545516934100831,-0.0018020000000000026,0.005794031066537361,0.00010578405046760762,0.0,0.0,0.0,0.004346333333333367,0.0011626348906208007,2.1226711857852134e-05
SER 154,R SER 154,0.0,0.0,0.0,-0.0005533333333333209,0.0004971474183333882,9.076628514221802e-06,0.0060256666666666635,0.007335189696857799,0.00013392162868494992,-0.00030233333333332536,0.007437669520010202,0.00013579264571260695,0.0,0.0,0.0,0.005169999999999999,0.0012807940245540667,2.3383992625536264e-05
CYX 155,R CYX 155,0.0,0.0,0.0,-0.002543666666666668,0.0005508416792106941,1.0056947110590723e-05,-0.015408999999999956,0.007762756318903036,0.0001417278914759653,0.026955666666666944,0.007756268511481574,0.0001416094408601825,0.0,0.0,0.0,0.009003000000000047,0.002982447149573617,5.445178601294847e-05
VAL 156,R VAL 156,0.0,0.0,0.0,-0.004669666666666543,0.00102007183842957,1.8623878539454687e-05,-0.018445333333333244,0.01310812769069476,0.00023932057409505403,0.04809933333333359,0.013358048743067664,0.00024388348736105635,0.0,0.0,0.0,0.024984333333333355,0.0062227610074270375,0.00011361155245771203
SER 157,R SER 157,0.0,0.0,0.0,-0.006512333333333273,0.002132568378479254,3.89351935438434e-05,0.008675666666666653,0.022125847807987403,0.00040396086494536444,0.01989433333333335,0.020530477374435783,0.0003748335191442638,0.0,0.0,0.0,0.022057666666666687,0.007761293355849553,0.00014170118154712568
GLU 158,R GLU 158,0.0,0.0,0.0,-0.021724333333333675,0.016427467076684302,0.00029992314268578133,-0.49067166666666717,0.30164509697748365,0.00550726079918004,0.5636396666666674,0.2949959058923044,0.005385863734296208,-0.0002057424000000007,0.0021194755294370003,3.869615191842833e-05,0.051037924266666757,0.014934043272727378,0.00027265707917436866
GLN 159,R GLN 159,0.0,0.0,0.0,-0.29942700000000033,0.25293941567959205,0.004618020788329616,0.07765033333333346,0.3755800421568686,0.006857122041268605,0.32090866666666706,0.41696737001619527,0.007612747810049112,-0.047711630400000114,0.06574462283451162,0.0012003270987043747,0.05142036959999996,0.24204245255783335,0.004419070371326644
LEU 160,R LEU 160,0.0,0.0,0.0,-1.6801570000000028,0.499214295018668,0.009114364347025445,0.3394963333333336,0.745665912224249,0.013613934682929613,0.871829666666666,0.7513466807361467,0.013717650851527327,-0.24737807520000024,0.0768071752754434,0.0014023007492204472,-0.7162090751999989,0.5713187963380377,0.010430806409368104
ASP 161,R ASP 161,0.0,0.0,0.0,-1.926207000000001,0.40762471402545614,0.007442175028944492,-1.8941743333333387,0.8529928252577558,0.01557344705945784,3.1792453333333337,0.9463125620770729,0.01727722455667069,-0.22685779920000046,0.029630749774516983,0.0005409810015764688,-0.8679937991999985,0.4583659908246769,0.008368579758929384
HIE 162,R HIE 162,0.0,0.0,0.0,-1.6469913333333326,0.29696926652133554,0.00542189220531664,-1.4192256666666678,0.3796077722349984,0.006930657995246397,0.5510753333333346,0.18627018098688955,0.003400812663902977,-0.054126652799999966,0.014537471464634242,0.00026541670167559467,-2.569268319466671,0.5134769736619996,0.009374764041138775
GLY 163,R GLY 163,0.0,0.0,0.0,-0.6121866666666673,0.14313300978072416,0.002613239272683673,0.1077660000000001,0.3375791520675804,0.006163323884362684,0.0795219999999999,0.14865493886626616,0.002714055443386847,-0.010370524799999975,0.007881757148480651,0.00014390053943334825,-0.43526919146666704,0.27514313898780446,0.005023403458879988
VAL 164,R VAL 164,0.0,0.0,0.0,-0.06900666666666677,0.014217475944139538,0.0002595744095130761,0.09150099999999996,0.036432622730184314,0.0006651656432799133,-0.10829166666666663,0.03680113128544848,0.000671893658224974,0.0,0.0,0.0,-0.08579733333333334,0.02664984539459003,0.00048655738255473744
LEU 165,R LEU 165,0.0,0.0,0.0,-0.009219666666666619,0.0013714031338577506,2.5038281061572226e-05,0.0175496666666667,0.009204321442790927,0.00016804714935816955,-0.017697666666666778,0.01202043792417237,0.00021946216673865936,0.0,0.0,0.0,-0.009367666666666608,0.009008060532409679,0.00016446393176575925
LEU 166,R LEU 166,0.0,0.0,0.0,-0.00446999999999998,0.000725097694566919,1.3238412123643088e-05,0.019864333333333317,0.007696141536871275,0.00014051167751656248,-0.013483333333333446,0.009437569720124937,0.00017230566079133816,0.0,0.0,0.0,0.0019110000000000025,0.005761285649343661,0.00010518620367921072
VAL 167,R VAL 167,0.0,0.0,0.0,-0.0011826666666666537,0.0003932338857332772,7.179435653050828e-06,-0.0010079999999999991,0.003662595072713703,6.686953134441897e-05,-0.0025673333333333308,0.004594431363678794,8.38824565598699e-05,0.0,0.0,0.0,-0.004757999999999987,0.002981068488534491,5.4426615221272374e-05
GLY 168,R GLY 168,0.0,0.0,0.0,-0.0003476666666666675,0.0004762295198279477,8.69472168532069e-06,-0.002351666666666676,0.004684726661064529,8.553101560036337e-05,0.001914999999999999,0.004862212287974822,8.87714449834205e-05,0.0,0.0,0.0,-0.0007843333333333501,0.001492365422929492,2.724674020597401e-05
TYR 169,R TYR 169,0.0,0.0,0.0,-0.00046400000000000396,0.0004987023160162805,9.10501693207289e-06,0.005219333333333379,0.003082189625718876,5.627282615048778e-05,-0.006837666666666696,0.003145046033932543,5.742042190590039e-05,0.0,0.0,0.0,-0.0020823333333333236,0.0010593494334836524,1.9340986033310497e-05
ASN 170,R ASN 170,0.0,0.0,0.0,-0.00016400000000000252,0.0003702755730533737,6.760276128482827e-06,-0.0065503333333335025,0.0035390394019971703,6.461372374578146e-05,0.006445666666666637,0.0034778893823058698,6.349728223988777e-05,0.0,0.0,0.0,-0.00026866666666722477,0.0007701633304406775,1.406119430152214e-05
ASP 171,R ASP 171,0.0,0.0,0.0,-0.00013566666666666767,0.00034243425970866784,6.251965616833993e-06,-0.08933533333333334,0.07571718134978053,0.001382400273866142,0.08791099999999984,0.0753722655380172,0.001376103001514709,0.0,0.0,0.0,-0.0015600000000001017,0.0008142890559664347,1.4866816142746765e-05
SER 172,R SER 172,0.0,0.0,0.0,-5.000000000000023e-05,0.00021794494717703453,3.979112128771122e-06,-9.466666666665262e-05,0.0022277877417344427,4.067365331604825e-05,0.0001223333333333283,0.0021972788979907824,4.0116640585321475e-05,0.0,0.0,0.0,-2.233333333332806e-05,0.0006042912285387405,1.1032797905772592e-05
ALA 173,R ALA 173,0.0,0.0,0.0,-5.4000000000000825e-05,0.00022601769842205176,4.1264997273719175e-06,-0.0037033333333333267,0.0018075735731145626,3.300162734483532e-05,0.0037173333333333407,0.0017858983422604786,3.260589358223819e-05,0.0,0.0,0.0,-3.9999999999966285e-05,0.0006058602699192914,1.1061444551032152e-05
ALA 174,R ALA 174,0.0,0.0,0.0,-5.066666666666677e-05,0.00021931610874615585,4.004145999484187e-06,-0.0036559999999999757,0.0015803999493799248,2.8854023405180248e-05,0.0036963333333333423,0.0015799113547565998,2.8845102928624553e-05,0.0,0.0,0.0,-1.033333333336639e-05,0.0006084624520506957,1.1108953679435718e-05
VAL 175,R VAL 175,0.0,0.0,0.0,-0.00015900000000000072,0.00036567608617463817,6.676301371268411e-06,0.004882666666666666,0.001897076581362875,3.463572123090771e-05,-0.004087333333333359,0.0018757326272389693,3.424603572624042e-05,0.0,0.0,0.0,0.0006363333333333391,0.0007038559669579011,1.2850593011248443e-05
PRO 176,R PRO 176,0.0,0.0,0.0,-0.00019066666666666836,0.00039282679247843057,7.172003181094571e-06,-0.005073666666666675,0.00366445628830373,6.690351233652023e-05,0.006321000000000014,0.0036409649362038688,6.647462088814056e-05,0.0,0.0,0.0,0.0010566666666666509,0.000859916016571124,1.5699846661199693e-05
TYR 177,R TYR 177,0.0,0.0,0.0,-0.0004699999999999901,0.0004990991885386982,9.112262799838964e-06,0.002867333333333323,0.004457323511804878,8.137922111712254e-05,0.003569666666666654,0.004625849099234522,8.445606330885671e-05,0.0,0.0,0.0,0.005966999999999961,0.0016415168797994804,2.9969860786389057e-05
TRP 178,R TRP 178,0.0,0.0,0.0,-0.0022430000000000184,0.00046542203070593866,8.497404832583489e-06,0.013550999999999952,0.007178630254675016,0.00013106325741581872,-0.019584000000000126,0.007786587442518806,0.00014216298627513368,0.0,0.0,0.0,-0.008275999999999997,0.0030964211599843953,5.6532657228658866e-05
ILE 179,R ILE 179,0.0,0.0,0.0,-0.0009566666666666588,0.00027102685393796483,4.9482507197160395e-06,-0.006309999999999988,0.004817319448268567,8.795181761750117e-05,0.015320000000000163,0.006612180679119982,0.00012072135040846141,0.0,0.0,0.0,0.008053333333333393,0.004041842264226552,7.379360606648793e-05
ILE 180,R ILE 180,0.0,0.0,0.0,-0.005162999999999971,0.0008106156096860935,1.4799748496362553e-05,-0.006372333333333283,0.00805553854327704,0.00014707333910017137,0.03208766666666702,0.010158706342616964,0.00018547175396407053,0.0,0.0,0.0,0.02055233333333331,0.005682070739518146,0.00010373994391247165
LYS 181,R LYS 181,0.0,0.0,0.0,-0.00442733333333332,0.0007109052132471474,1.2979294051449437e-05,-0.2737919999999994,0.07068974514972809,0.001290612266759916,0.3173933333333327,0.07260043128124408,0.0013254964632447022,0.0,0.0,0.0,0.039174000000000195,0.009328257643668576,0.00017030990445524223
ASN 182,R ASN 182,0.0,0.0,0.0,-0.009683999999999943,0.0013755522527334626,2.5114033261638825e-05,0.057339333333333437,0.02316447393939452,0.00042292349697823115,-0.018720666666666674,0.029229277096013757,0.0005336511468351943,0.0,0.0,0.0,0.028934666666666824,0.013616842446845915,0.0002486083923377116
SER 183,R SER 183,0.0,0.0,0.0,-0.013390000000000058,0.0023966434862107535,4.3756523323181704e-05,0.0436036666666666,0.03087185211843028,0.0005636403265742637,-0.02829266666666684,0.03630859879177661,0.0006629012863220289,0.0,0.0,0.0,0.0019209999999999945,0.013722490991070143,0.00025053726203235133
TRP 184,R TRP 184,0.0,0.0,0.0,-0.02748500000000009,0.005841498808809576,0.00010665068890748541,-0.025722333333333406,0.03056483657007753,0.0005580350151963431,-0.008166666666666626,0.036138920232286355,0.0006598033938367691,0.0,0.0,0.0,-0.06137399999999995,0.016723380559364863,0.00030532575900358325
THR 185,R THR 185,0.0,0.0,0.0,-0.0013753333333333254,0.0004890039763528329,8.927950285272312e-06,-0.007195666666666633,0.007558045242580132,0.0001379903956668581,0.012947000000000064,0.007897944310599519,0.00014419607522783148,0.0,0.0,0.0,0.004375999999999957,0.0018518344058438357,3.380971589482818e-05
THR 186,R THR 186,0.0,0.0,0.0,-0.0005883333333333301,0.0004921353698142437,8.985121446446942e-06,-0.007604666666666649,0.006455517915361724,0.00011786109275407806,0.008748666666666615,0.006652530713111319,0.00012145803786889994,0.0,0.0,0.0,0.0005556666666666891,0.001223751563385615,2.234254453495048e-05
GLN 187,R GLN 187,0.0,0.0,0.0,-0.0004509999999999936,0.000497593207349131,9.084767470882147e-06,-0.011454000000000013,0.008369979131793973,0.00015281421254436883,0.013494666666666608,0.008318050946920098,0.00015186613793684482,0.0,0.0,0.0,0.0015896666666667609,0.0010686252331331074,1.951033819020733e-05
TRP 188,R TRP 188,0.0,0.0,0.0,-0.003532666666666664,0.000595202673231728,1.0866864347213124e-05,0.021571666666666878,0.0071699045011449514,0.00013090394768116383,-0.028489666666666878,0.009213715856746994,0.0001682186671061122,0.0,0.0,0.0,-0.010450666666666724,0.0051240836145488924,9.355253940770116e-05
GLY 189,R GLY 189,0.0,0.0,0.0,-0.0003560000000000052,0.000478815204436959,8.741929611552338e-06,0.004034333333333336,0.004507233581206473,8.229045014571927e-05,-0.002462333333333325,0.004494060660719003,8.204994662241229e-05,0.0,0.0,0.0,0.0012160000000000137,0.0008698720212384147,1.5881617605829755e-05
GLU 190,R GLU 190,0.0,0.0,0.0,-0.0004639999999999976,0.0004987023160162678,9.105016932072659e-06,0.03189000000000013,0.058495303800106146,0.00106797324664786,-0.030256666666666803,0.058252897972738416,0.0010635475419905264,0.0,0.0,0.0,0.0011693333333331376,0.0009767255954915871,1.7832488038113616e-05
GLU 191,R GLU 191,0.0,0.0,0.0,-0.0003953333333333329,0.0004889221705843234,8.92645672311409e-06,0.09884233333333325,0.04273183209921583,0.0007801729454754615,-0.09489500000000013,0.04241946064799337,0.000774469849136956,0.0,0.0,0.0,0.0035519999999995898,0.0012102187130151683,2.2095469621109288e-05
GLY 192,R GLY 192,0.0,0.0,0.0,-0.000678999999999994,0.0004668607929564971,8.52367291723408e-06,0.017401333333333237,0.005262217361109441,9.607450503916498e-05,-0.014666000000000137,0.005178202133301442,9.454060385768575e-05,0.0,0.0,0.0,0.0020563333333333328,0.0015850846104300492,2.8939553222894214e-05
TYR 193,R TYR 193,0.0,0.0,0.0,-0.0014410000000000052,0.0004965067975365651,9.064932432180904e-06,0.00529399999999998,0.0051560544346751875,9.41362440532049e-05,-0.0016003333333333254,0.005908293596481307,0.00010787018930520458,0.0,0.0,0.0,0.002252666666666608,0.002407798348884066,4.3960182320249886e-05
ILE 194,R ILE 194,0.0,0.0,0.0,-0.0026526666666666764,0.0005164231684278538,9.428553952207508e-06,0.0055546666666666505,0.004395870587519915,8.02572493552715e-05,-0.0005233333333333315,0.005163860528282641,9.427876317169821e-05,0.0,0.0,0.0,0.002378666666666642,0.0027764386460996148,5.069060253326206e-05
ARG 195,R ARG 195,0.0,0.0,0.0,-0.0007886666666666542,0.00040906994783556077,7.468561267566608e-06,0.00928033333333361,0.06173489353589993,0.001127119792493075,-0.003518999999999944,0.06155766650602251,0.0011238840844242917,0.0,0.0,0.0,0.004972666666666622,0.0024999839110596187,4.564325271624474e-05
ILE 196,R ILE 196,0.0,0.0,0.0,-0.002561000000000006,0.0005497990542007972,1.0037911469359402e-05,0.00912399999999999,0.005172293881828417,9.443273443744613e-05,-0.006057666666666701,0.005938490932514372,0.00010842151470926703,0.0,0.0,0.0,0.0005053333333333102,0.0025317921627881703,4.6223989282462415e-05
ALA 197,R ALA 197,0.0,0.0,0.0,-0.0005056666666666713,0.0004999678878576917,9.128123006929032e-06,-0.015003999999999993,0.009383388726893998,0.00017131645571865083,0.01664966666666672,0.009325356108779664,0.00017025692991824072,0.0,0.0,0.0,0.0011400000000000234,0.0013937001112147667,2.5445366310326213e-05
LYS 198,R LYS 198,0.0,0.0,0.0,-0.0006653333333333403,0.00047187380610591047,8.615197596667538e-06,0.13026966666666653,0.10409531343864072,0.0019005117100304727,-0.12689833333333334,0.10358126920710885,0.0018911265893249588,0.0,0.0,0.0,0.0027059999999998847,0.001738456403441532,3.173972624680762e-05
GLY 199,R GLY 199,0.0,0.0,0.0,-0.0002756666666666667,0.0004468495894096341,8.158319997719271e-06,0.00934699999999996,0.0069543217498185895,0.00012696796315081466,-0.006629999999999994,0.007073879180949197,0.0001291507732157348,0.0,0.0,0.0,0.002441333333333307,0.001109605735785926,2.0258536380902298e-05
SER 200,R SER 200,0.0,0.0,0.0,-0.000697999999999985,0.0004605750029401632,8.408910617777853e-06,-0.007926999999999974,0.008703083993619735,0.00015889584743892255,0.01586466666666669,0.008312221016204076,0.00015175969845144957,0.0,0.0,0.0,0.007239666666666679,0.002191702509212507,4.001483012121214e-05
ASN 201,R ASN 201,0.0,0.0,0.0,-0.004240999999999978,0.0012092362603451428,2.207753257147415e-05,-0.03145233333333336,0.017724570363073924,0.00032360490033143735,0.04352466666666684,0.016871417394186704,0.00030802852946270286,0.0,0.0,0.0,0.007831333333333195,0.005204442162443711,9.501967905337956e-05
GLN 202,R GLN 202,0.0,0.0,0.0,-0.003002666666666656,0.0006115495800745414,1.116531666798794e-05,-0.021406999999999978,0.01693826095953567,0.0003092489204148929,0.058370999999999916,0.017842683626629493,0.00032576134362443526,0.0,0.0,0.0,0.0339613333333333,0.008899990911356006,0.00016249085945802151
CYX 203,R CYX 203,0.0,0.0,0.0,-0.011342333333333229,0.0018770032557833209,3.4269234123438796e-05,-0.034091000000000024,0.020752832393033133,0.0003788931477929388,0.034609000000000265,0.0226115041295349,0.0004128276956955827,0.0,0.0,0.0,-0.01082433333333331,0.012927418196307564,0.00023602128521401332
LEU 204,R LEU 204,0.0,0.0,0.0,-0.04299533333333389,0.019139469991500044,0.00034943731510125945,-0.07079700000000014,0.0466502281987984,0.000851712743241516,0.09487466666666668,0.04962686394372343,0.000906058428007237,-0.00031602959999999994,0.0024961948123501574,4.5574073555051875e-05,-0.019233696266666565,0.022854286745325657,0.0004172602795368729
VAL 205,R VAL 205,0.0,0.0,0.0,-0.012338666666666633,0.002179442946156993,3.979100214685675e-05,-0.027988,0.02417400510189968,0.0004413549299851809,0.06690233333333351,0.026879598110007737,0.0004907520740508155,0.0,0.0,0.0,0.026575666666666584,0.008659115113887594,0.00015809308919700503
LYS 206,R LYS 206,0.0,0.0,0.0,-0.009004666666666602,0.0024112192397673575,4.402263895703464e-05,0.47956666666666653,0.30137438769005565,0.005502318346405024,-0.41386033333333366,0.3023449103698548,0.005520037585214903,0.0,0.0,0.0,0.056701666666666845,0.014522763645012789,0.00026514817485631507
GLU 207,R GLU 207,0.0,0.0,0.0,-0.045990000000000475,0.029401755616515677,0.0005368001593806616,-0.6794279999999999,0.5218137344710917,0.009526971772860934,0.7580670000000013,0.5151184250678003,0.00940473270653896,-0.0002836776000000002,0.003113452407251192,5.684360383900796e-05,0.03236532240000009,0.0229230566435561,0.00041851584035481124
GLU 208,R GLU 208,0.0,0.0,0.0,-0.24532033333333308,0.11370975795076689,0.002076046647936248,-1.2015593333333332,1.1735365149039427,0.021425747375629564,1.4905820000000012,1.150643224726642,0.02100777499410893,-0.015625547999999975,0.021462712620695802,0.00039185372825353035,0.028076785333332775,0.08816584848956434,0.0016096808006439054
ALA 209,R ALA 209,0.0,0.0,0.0,-0.012864666666666654,0.0028393106362085345,5.1838482773858624e-05,-0.03421933333333345,0.025105853757418244,0.00045836808094546015,0.06560400000000001,0.027624696390488233,0.0005043556452433982,0.0,0.0,0.0,0.01852,0.007586057386196533,0.00013850182509828402
SER 210,R SER 210,0.0,0.0,0.0,-0.011311333333333264,0.002147961410784893,3.921623057791687e-05,0.023314333333333267,0.019748895189914475,0.00036056384604404764,-0.006558666666666668,0.02140153946695312,0.00039073686437957706,0.0,0.0,0.0,0.00544433333333337,0.009881880787020661,0.00018041763392093733
SER 211,R SER 211,0.0,0.0,0.0,-0.0029113333333333304,0.0005640374298063154,1.0297867452738522e-05,-0.011135666666666664,0.006048685357625667,0.00011043338045409267,0.018969666666666784,0.009543378850746798,0.0001742374623790583,0.0,0.0,0.0,0.004922666666666661,0.006702190156127229,0.00012236469110666514
ALA 212,R ALA 212,0.0,0.0,0.0,-0.0014620000000000037,0.0004992220614783298,9.114506142530402e-06,-0.011837999999999982,0.008701978089300604,0.00015887565648085484,0.0073903333333333356,0.009022341153430527,0.00016472465904136927,0.0,0.0,0.0,-0.005909666666666689,0.003078664194455399,5.6208460876223105e-05
VAL 213,R VAL 213,0.0,0.0,0.0,-0.0007000000000000043,0.0004582575694955555,8.366600265340234e-06,0.0039399999999999765,0.004403150387317367,8.03901597073777e-05,-0.00530399999999998,0.004402300610665558,8.037464497934313e-05,0.0,0.0,0.0,-0.0020639999999999994,0.0013198121078396173,2.409636210440664e-05
VAL 214,R VAL 214,0.0,0.0,0.0,-0.00032633333333333245,0.0004688708658990134,8.560371660328979e-06,-0.0030456666666666805,0.0041088823973868364,7.50175858394892e-05,0.0026889999999999965,0.004303132076367927,7.856408353835855e-05,0.0,0.0,0.0,-0.0006830000000000154,0.0008464697277517294,1.5454352137829297e-05
GLY 215,R GLY 215,0.0,0.0,0.0,-0.00010099999999999972,0.0003013287241535388,5.501484648104833e-06,0.02028666666666676,0.07028627999514273,0.0012832460345487923,-0.020941666666666626,0.0700901200637835,0.0012796646605726552,0.0,0.0,0.0,-0.0007559999999998202,0.0007843026626669318,1.4319342008468115e-05
LM2 216,L LM2   1,0.0,0.0,0.0,-17.80484300000002,1.127941742740546,0.020593304535022866,-7.167398666666646,2.0965861191625677,0.03827825037391842,14.041855333333343,1.811395511128835,0.0330714060669621,-2.8616978136,0.12414542709422338,0.002266575027687306,-13.792084146933332,1.3097189802193288,0.023912087648626294

