| Run on Fri Feb 13 18:42:43 2026
| GB non-polar solvation energies calculated with gbsa=2
idecomp = 2: Per-residue decomp adding 1-4 interactions to EEL and VDW.
Energy Decomposition Analysis (All units kcal/mol): Generalized Born solvent
DELTAS:
Total Energy Decomposition:
Residue,Location,Internal,,,van der Waals,,,Electrostatic,,,Polar Solvation,,,Non-Polar Solv.,,,TOTAL,,
,,Avg.,Std. Dev.,Std. Err. of Mean,Avg.,Std. Dev.,Std. Err. of Mean,Avg.,Std. Dev.,Std. Err. of Mean,Avg.,Std. Dev.,Std. Err. of Mean,Avg.,Std. Dev.,Std. Err. of Mean
ALA   1,R ALA   1,0.0,0.0,0.0,-8.13333333333338e-05,0.0002733463411538974,4.99059856871641e-06,-0.026290333333333388,0.056585646353313264,0.0010331078312906538,0.026938333333333366,0.056327138490744964,0.0010283881450366171,0.0,0.0,0.0,0.0005666666666665729,0.0007773173240202614,1.4191807756848315e-05
PRO   2,R PRO   2,0.0,0.0,0.0,-0.00010400000000000079,0.00030526054445342463,5.5732695371149724e-06,0.0009373333333333379,0.0031440005654508993,5.7401334350215166e-05,-0.0010653333333333385,0.003138640611616592,5.7303475429473944e-05,0.0,0.0,0.0,-0.00023200000000002063,0.0006579077949581169,1.2011698001901474e-05
ALA   3,R ALA   3,0.0,0.0,0.0,-7.766666666666658e-05,0.0002676463255035558,4.886530997055592e-06,0.0017046666666666623,0.002434497529721942,4.4447640440643704e-05,-0.0016363333333333436,0.002390693042241566,4.364788357687855e-05,0.0,0.0,0.0,-9.333333333360875e-06,0.0006302747196439101,1.1507189379140467e-05
ALA   4,R ALA   4,0.0,0.0,0.0,-8.866666666666683e-05,0.000284262007466508,5.189890457703613e-06,-0.002055999999999995,0.0022328301920805827,4.0765715442704266e-05,0.0025483333333333256,0.002255880586871189,4.118655614891142e-05,0.0,0.0,0.0,0.0004036666666666767,0.0006486292383857383,1.1842295510708822e-05
VAL   5,R VAL   5,0.0,0.0,0.0,-0.00022500000000000224,0.00041758232721225675,7.623975340988546e-06,0.0018496666666666867,0.002606351195743847,4.758524475631559e-05,-0.0010460000000000061,0.0025428102563895844,4.642515122933568e-05,0.0,0.0,0.0,0.0005786666666667274,0.0008413153722329816,1.5360246911595315e-05
ASP   6,R ASP   6,0.0,0.0,0.0,-0.0002036666666666671,0.00040272391977079855,7.3526991768455704e-06,0.06684700000000016,0.06240414188443979,0.0011393385397286872,-0.06662633333333326,0.06203604898139647,0.0011326181135202075,0.0,0.0,0.0,1.7000000000048013e-05,0.0009650790986581185,1.7619853070393505e-05
TRP   7,R TRP   7,0.0,0.0,0.0,-0.0005036666666666727,0.0004999865553748039,9.128463827602865e-06,-0.0020733333333333263,0.004796591382313996,8.757337664094205e-05,0.0008623333333333329,0.004783448674567566,8.733342472429481e-05,0.0,0.0,0.0,-0.001714666666666728,0.0010751363737787794,1.962921481043144e-05
ARG   8,R ARG   8,0.0,0.0,0.0,-0.00036399999999999795,0.00048114862568648963,8.784531860036665e-06,-0.08223266666666675,0.06888818863120717,0.0012577204952994366,0.08378000000000016,0.06870351956049967,0.0012543489147761027,0.0,0.0,0.0,0.0011833333333334697,0.001132426107473925,2.0675177459041275e-05
ALA   9,R ALA   9,0.0,0.0,0.0,-6.066666666666639e-05,0.0002387178716020685,4.358372105202494e-06,-0.0011549999999999937,0.0018091365343721427,3.303016298274476e-05,0.001049999999999998,0.001799120155335176,3.2847289757975805e-05,0.0,0.0,0.0,-0.00016566666666664945,0.0006326303993820067,1.1550198010167578e-05
ARG  10,R ARG  10,0.0,0.0,0.0,-0.0001656666666666625,0.0003717811482878264,6.787764045747189e-06,-0.040139666666666726,0.05217912251615138,0.0009526560810973944,0.04055466666666663,0.051980435533210315,0.0009490285696827455,0.0,0.0,0.0,0.00024933333333296065,0.0008081869970637052,1.4755408299138425e-05
GLY  11,R GLY  11,0.0,0.0,0.0,-6.0000000000000184e-05,0.00023748684174075899,4.335896677735772e-06,-0.0007676666666666669,0.0016539915020606665,3.0197615186682648e-05,0.0012373333333333368,0.001706948414243638,3.11644716992971e-05,0.0,0.0,0.0,0.00040966666666666744,0.0006721903665546206,1.2272460889987728e-05
ALA  12,R ALA  12,0.0,0.0,0.0,-0.0001520000000000015,0.00035902089075707275,6.554794682774891e-06,0.000705333333333332,0.0021780354042628034,3.97653040653207e-05,0.0006293333333333343,0.002248393401717979,4.104985947555706e-05,0.0,0.0,0.0,0.0011826666666666878,0.000907725851908042,1.657273083735428e-05
VAL  13,R VAL  13,0.0,0.0,0.0,-0.00042399999999999914,0.0004941902467673697,9.022638195117763e-06,-0.0030169999999999793,0.003180468152122665,5.8067138344811855e-05,0.006499666666666658,0.003804909095132509,6.94678180220215e-05,0.0,0.0,0.0,0.003058666666666691,0.0014249765690081398,2.601639369206917e-05
THR  14,R THR  14,0.0,0.0,0.0,-0.00041633333333333827,0.0004929501890545243,8.99999794238664e-06,0.003541666666666592,0.004946675370612295,9.031352283798605e-05,-0.004032999999999988,0.005190110242888215,9.475801519894973e-05,0.0,0.0,0.0,-0.0009076666666666935,0.0015359496157823544,2.8042475058512944e-05
ALA  15,R ALA  15,0.0,0.0,0.0,-0.00027366666666666804,0.0004458399064936054,8.139885794084722e-06,0.004109333333333313,0.004129008705353973,7.538504026858576e-05,-0.0037246666666666587,0.0042299162586930325,7.722735170813439e-05,0.0,0.0,0.0,0.00011099999999998807,0.0015097502000883487,2.756414135954422e-05
VAL  16,R VAL  16,0.0,0.0,0.0,-0.0007073333333333343,0.0004622548599587969,8.439580470527487e-06,-0.005681333333333292,0.004423398190933665,8.075983233339706e-05,0.013177000000000001,0.0064107465243916015,0.00011704368272857075,0.0,0.0,0.0,0.006788333333333386,0.0030173162284093087,5.508840538087295e-05
LYS  17,R LYS  17,0.0,0.0,0.0,-0.0014520000000000023,0.0006529645217518618,1.1921446593802246e-05,-0.12760199999999994,0.0804055735796137,0.001467998213289861,0.14258733333333332,0.0824308338723376,0.0015049742381946741,0.0,0.0,0.0,0.013533333333333371,0.006361830624033033,0.00011615060466033533
ASP  18,R ASP  18,0.0,0.0,0.0,-0.0012706666666666695,0.0006127040249763362,1.11863938517916e-05,0.17818766666666694,0.09635185406219254,0.0017591361309102875,-0.1665506666666664,0.0932033516898522,0.0017016526051873099,0.0,0.0,0.0,0.01036633333333373,0.004477588624347937,8.174920975946302e-05
GLN  19,R GLN  19,0.0,0.0,0.0,-0.013920333333333338,0.006383676048241277,0.00011654944571423947,-0.02476966666666677,0.023424587080435277,0.00042767249147328273,0.058837333333333325,0.03492322349892048,0.000637607909705108,0.0,0.0,0.0,0.020147333333333135,0.011701322983131247,0.00021363595168382086
GLY  20,R GLY  20,0.0,0.0,0.0,-0.001436999999999985,0.0006772722249337444,1.2365242505597486e-05,0.023853333333333348,0.014719821858825087,0.00026874594915120417,-0.016226666666666723,0.013807556707188317,0.0002520903424186265,0.0,0.0,0.0,0.006189666666666696,0.0022804297596919505,4.163476067297888e-05
GLN  21,R GLN  21,0.0,0.0,0.0,-0.0031336666666666696,0.0013544248061652295,2.4728300626041945e-05,0.013136666666666848,0.022016887205557084,0.0004019715256176832,0.006813999999999959,0.021814583898545136,0.0003982779894607386,0.0,0.0,0.0,0.016817000000000193,0.0059404975380855365,0.00010845815014711177
CYX  22,R CYX  22,0.0,0.0,0.0,-0.009998999999999923,0.0045062548011995185,8.227258014943114e-05,-0.011270999999999977,0.015132268798828641,0.00027627616557833506,0.053595000000000274,0.024546302674740228,0.0004481521226101539,0.0,0.0,0.0,0.032325000000000007,0.013049931353586888,0.0002382580592084488
GLY  23,R GLY  23,0.0,0.0,0.0,-0.06281099999999991,0.044230132402394914,0.0008075280412743953,0.18309633333333336,0.17811008876503484,0.003251830444528568,-0.1056723333333333,0.1497448796049098,0.0027339549476834792,-0.0013558031999999977,0.004994893114691225,9.119385437478741e-05,0.013257196799999963,0.04216659706470347,0.0007698532128523072
SER  24,R SER  24,0.0,0.0,0.0,-0.03889433333333368,0.01991904870274175,0.00036367040995118906,-0.015281333333333364,0.0243364099972767,0.0004443200241400895,0.0685673333333336,0.050402064768110946,0.0009202115939443584,0.0,0.0,0.0,0.014391666666666638,0.025778833640971457,0.00047065495637777
CYS  25,R CYS  25,0.0,0.0,0.0,-0.3334336666666663,0.21720969806438653,0.0039656883779583575,-0.05456600000000003,0.06777496817163901,0.0012373959633933784,0.12937266666666636,0.09122485655175867,0.0016655303912857056,-0.0389234184000001,0.027035619731303973,0.0004936006260988981,-0.29755041839999974,0.2296472058758439,0.004192765164207754
TRP  26,R TRP  26,0.0,0.0,0.0,-0.6511576666666663,0.37859586563320663,0.0069121831928500715,-0.20678066666666658,0.17720874101716572,0.0032353741614064213,0.2072416666666669,0.21024806126071408,0.0038385868608073717,-0.026446149599999948,0.02011905497491224,0.0003673220081815322,-0.6771428162666658,0.3714353205311333,0.006781450123635449
ALA  27,R ALA  27,0.0,0.0,0.0,-0.02542200000000023,0.012409562817976668,0.00022656658280610656,-0.04224066666666687,0.028055387115885233,0.0005122189460970048,0.03198900000000018,0.031566789705849606,0.0005763280929971899,0.0,0.0,0.0,-0.03567366666666681,0.01900167992280894,0.000346921624140516
PHE  28,R PHE  28,0.0,0.0,0.0,-0.016311333333333223,0.00765848580914651,0.00013982418113342492,-0.028910666666666585,0.01844738516851509,0.0003368016327927318,0.02652400000000023,0.0197734019328991,0.00036101127590883636,0.0,0.0,0.0,-0.018698000000000006,0.01252965000841341,0.0002287590649084273
SER  29,R SER  29,0.0,0.0,0.0,-0.047377333333333556,0.030002860189580306,0.0005477747771835619,-0.03302033333333325,0.023831168384188976,0.0004350956165241414,0.11269999999999979,0.05808720455774542,0.0010605224079564687,0.0,0.0,0.0,0.03230233333333333,0.022839853937555953,0.00041699677372408615
ALA  30,R ALA  30,0.0,0.0,0.0,-0.012769333333333311,0.00555368882415607,0.00010139602154515404,-0.010580333333333292,0.012081923683291949,0.0002205847379798301,0.021568333333333422,0.0145173917729348,0.0002650500983392102,0.0,0.0,0.0,-0.0017813333333333656,0.007052057729643342,0.00012875236984514422
ILE  31,R ILE  31,0.0,0.0,0.0,-0.004377666666666614,0.0015881964264185847,2.8996366949951753e-05,-0.01363066666666657,0.007880202591868566,0.00014387215724256965,0.016327000000000157,0.009980618100431672,0.00018222032238169293,0.0,0.0,0.0,-0.0016813333333333107,0.004333334153846027,7.91154955089677e-05
GLY  32,R GLY  32,0.0,0.0,0.0,-0.0015173333333333332,0.0006794847721292527,1.2405637905881644e-05,-0.00876700000000002,0.007665075189889908,0.00013994448621586323,0.02141933333333349,0.009616833828702468,0.00017557856065863713,0.0,0.0,0.0,0.011134999999999964,0.004094155387052866,7.474870864733829e-05
ASN  33,R ASN  33,0.0,0.0,0.0,-0.003218999999999994,0.0010248767405563273,1.871160364883567e-05,-0.007863999999999934,0.009525693535555782,0.0001739145741768347,0.029047666666667044,0.011869796174416476,0.0002167118372572143,0.0,0.0,0.0,0.017964666666666892,0.005231387791229148,9.551163667711103e-05
VAL  34,R VAL  34,0.0,0.0,0.0,-0.0014760000000000047,0.0005663544237783663,1.0340169781541715e-05,-0.004728333333333255,0.004934693224732562,9.009475978513114e-05,0.010571333333333367,0.005846957461411254,0.00010675034981293618,0.0,0.0,0.0,0.004367000000000099,0.0027629050532606255,5.04435140638619e-05
GLU  35,R GLU  35,0.0,0.0,0.0,-0.0008676666666666675,0.00042757598415039613,7.806433718888112e-06,0.09986566666666695,0.07736967292091161,0.0014125705041859967,-0.10384366666666657,0.07667111946416878,0.0013998167213232881,0.0,0.0,0.0,-0.004845666666666479,0.004701756539374953,8.584193721710295e-05
CYS  36,R CYS  36,0.0,0.0,0.0,-0.0005556666666666697,0.0004968915598218682,9.071957198278829e-06,-0.0009999999999999961,0.0044264357369483195,8.081529008245327e-05,0.0035633333333333355,0.004939432041124645,9.018127833959178e-05,0.0,0.0,0.0,0.0020076666666666333,0.0018217961527629914,3.326129493481393e-05
GLN  37,R GLN  37,0.0,0.0,0.0,-0.000794666666666665,0.0004209175163325057,7.684867284812085e-06,-0.005829999999999989,0.00965248327288533,0.00017622942748335297,0.014629999999999997,0.009925309399039817,0.00018121052826907172,0.0,0.0,0.0,0.00800533333333329,0.002307517762059736,4.212931767079853e-05
TRP  38,R TRP  38,0.0,0.0,0.0,-0.00038500000000000096,0.00048659531440407736,8.88397433584772e-06,-0.003515666666666666,0.0021944827535334134,4.006559020554334e-05,0.0030146666666666616,0.0022298994496513847,4.071220765141396e-05,0.0,0.0,0.0,-0.0008860000000000189,0.0008685259543233293,1.5857041898719633e-05
PHE  39,R PHE  39,0.0,0.0,0.0,-0.00020533333333333322,0.00040394499075438006,7.374992780912991e-06,-0.0023156666666666733,0.002363617542854357,4.3153554851208834e-05,0.0029316666666666714,0.0024289223719355106,4.434585245126774e-05,0.0,0.0,0.0,0.00041066666666666985,0.0007784725785508722,1.4212899722384168e-05
LEU  40,R LEU  40,0.0,0.0,0.0,-0.00023800000000000015,0.00042585913163862215,7.77508842393451e-06,-0.0017416666666667442,0.002792656540922217,5.098669942758157e-05,0.00213766666666666,0.002774535616799499,5.0655858130753165e-05,0.0,0.0,0.0,0.00015799999999992044,0.000756991413425563,1.3820709099029997e-05
ALA  41,R ALA  41,0.0,0.0,0.0,-8.733333333333312e-05,0.0002823229041757358,5.1544874372473315e-06,-0.001286,0.0016599811243906647,3.0306970228718538e-05,0.0012893333333333314,0.001676987245694543,3.061745810384531e-05,0.0,0.0,0.0,-8.400000000000703e-05,0.0006710270734727022,1.225122216125585e-05
GLY  42,R GLY  42,0.0,0.0,0.0,-3.4000000000000325e-05,0.00018122913673027474,3.3087762088119836e-06,-0.0010260000000000278,0.0015294848806052357,2.7924445682352778e-05,0.001110666666666668,0.0015484679166482016,2.8271026917374977e-05,0.0,0.0,0.0,5.0666666666637624e-05,0.0006245795029902638,1.1403209424771095e-05
HID  43,R HID  43,0.0,0.0,0.0,-0.0001150000000000014,0.0003190219428189892,5.824517147369453e-06,-0.0007010000000000055,0.00172189788702272,3.1437410481427526e-05,0.0008696666666666835,0.0017204688960345141,3.1411320794803795e-05,0.0,0.0,0.0,5.366666666673995e-05,0.0006763528829111344,1.2348457693469289e-05
PRO  44,R PRO  44,0.0,0.0,0.0,-6.599999999999944e-05,0.00024828209762284287,4.532990183091027e-06,0.0007283333333333281,0.002393156330502105,4.3692856861743046e-05,-0.0008116666666666759,0.002389601896179001,4.362796206647856e-05,0.0,0.0,0.0,-0.00014933333333334945,0.0006421574746292348,1.1724137810832776e-05
LEU  45,R LEU  45,0.0,0.0,0.0,-0.00016499999999999816,0.0003711805490593444,6.776798654231863e-06,-0.0012790000000000058,0.0021444095535445955,3.915138283353191e-05,0.0021469999999999957,0.002208028758870667,4.0312905295119986e-05,0.0,0.0,0.0,0.0007029999999999858,0.0007642802714537149,1.395378483104571e-05
THR  46,R THR  46,0.0,0.0,0.0,-0.00018400000000000095,0.00038748419322599646,7.0744611102189575e-06,0.00030800000000001405,0.0019719202147483613,3.600217277393696e-05,0.0011303333333333456,0.0021760851443717857,3.972969735414377e-05,0.0,0.0,0.0,0.0012543333333333653,0.0009537546271913331,1.741309745458744e-05
ASN  47,R ASN  47,0.0,0.0,0.0,-0.00031433333333333194,0.00046424981301976845,8.47600316361609e-06,-0.003113999999999862,0.006112473912691603,0.00011159799480476846,0.00764599999999996,0.00745806167847926,0.00013616495388559774,0.0,0.0,0.0,0.004217666666666842,0.002295855952701681,4.191640313590748e-05
LEU  48,R LEU  48,0.0,0.0,0.0,-0.0007069999999999975,0.00045513844047716045,8.309653021235437e-06,0.00599599999999998,0.004509395820580155,8.232992705504233e-05,-0.0015823333333333345,0.003943841767729669,7.200436998055299e-05,0.0,0.0,0.0,0.003706666666666637,0.0017916348834389963,3.2710628015755905e-05
SER  49,R SER  49,0.0,0.0,0.0,-0.0007969999999999884,0.00043180744165267443,7.88368920972552e-06,0.0015403333333333547,0.007873269538268234,0.0001437455775809265,0.005836333333333349,0.00889146856386621,0.00016233526339258622,0.0,0.0,0.0,0.006579666666666667,0.002951438048740872,5.388563987914691e-05
GLH  50,R GLH  50,0.0,0.0,0.0,-0.0035373333333333294,0.0014163119555929283,2.5858200218083397e-05,0.00024533333333334186,0.006659064865946903,0.00012157733463230779,0.02033933333333348,0.011525226804227316,0.00021042089003461592,0.0,0.0,0.0,0.017047333333333376,0.007676224737604968,0.00014014804817551386
GLN  51,R GLN  51,0.0,0.0,0.0,-0.0017960000000000098,0.0006799882351923114,1.241482984176524e-05,0.012780666666666789,0.007519700319087833,0.0001372903163481067,-0.0041930000000000136,0.006917447819343026,0.0001262947403673032,0.0,0.0,0.0,0.006791666666666762,0.003990688815508312,7.285967614124915e-05
MET  52,R MET  52,0.0,0.0,0.0,-0.0017150000000000123,0.0006146340374564201,1.1221630897511882e-05,-0.0031646666666666724,0.004641287704458261,8.473793238677201e-05,0.010938999999999966,0.00648870395379535,0.00011846698414888908,0.0,0.0,0.0,0.006059333333333287,0.0032893483988304427,6.0055010584431105e-05
LEU  53,R LEU  53,0.0,0.0,0.0,-0.008313666666666596,0.002907567119699255,5.3084669963986844e-05,-0.009116666666666662,0.013131275219447923,0.00023974318821667426,0.033711666666666945,0.020554071710706424,0.0003752642908177569,0.0,0.0,0.0,0.016281333333333325,0.009407630850656526,0.00017175905431953645
VAL  54,R VAL  54,0.0,0.0,0.0,-0.007738666666666613,0.0028381399229464636,5.1817108571791737e-05,-0.004126333333333387,0.010845415616235728,0.00019800929261770334,0.014091333333333376,0.013785559771812802,0.0002516887351619214,0.0,0.0,0.0,0.002226333333333276,0.00609363929756991,0.0001112541233526325
SER  55,R SER  55,0.0,0.0,0.0,-0.0014989999999999962,0.0006324547414637173,1.1546990950025863e-05,0.003697666666666633,0.005640649598130463,0.00010298370079595015,-0.0031080000000000023,0.006554616897017462,0.00011967038434336601,0.0,0.0,0.0,-0.0009093333333333503,0.0029146376942750427,5.321376040364289e-05
CYX  56,R CYX  56,0.0,0.0,0.0,-0.001999000000000008,0.000834864659690346,1.5242473552542549e-05,-0.013579999999999908,0.008256730587829811,0.00015074658647324258,0.018871666666666825,0.008956740323477916,0.00016352695722949908,0.0,0.0,0.0,0.0032926666666666525,0.0020300278049545963,3.7063067371211e-05
ASP  57,R ASP  57,0.0,0.0,0.0,-0.01757333333333346,0.008805828877636644,0.00016077170379373296,0.18086266666666612,0.3129165306268674,0.0057130480813530485,-0.10192166666666672,0.299372814726425,0.005465774790982592,-6.505920000000002e-05,0.001430534599712765,2.6117868985143487e-05,0.06130260746666632,0.054321663813451375,0.0009917733543946474
LYS  58,R LYS  58,0.0,0.0,0.0,-0.0139863333333335,0.017437511669449967,0.0003183639496039105,0.08381466666666673,0.24595728013530246,0.004490545017090748,-0.035920999999999995,0.23672943083965436,0.004322068309874594,-0.0009416520000000009,0.00772745283987525,0.00014108334108190102,0.03296568133333343,0.04397428738983829,0.0008028569717876467
THR  59,R THR  59,0.0,0.0,0.0,-0.037602666666667055,0.035693502577110556,0.000651671217261741,-0.009214000000000076,0.0457305755193758,0.0008349222593218551,0.0541696666666667,0.07398891051967764,0.0013508465098952909,-0.0026584343999999974,0.012237024742683848,0.00022341648294389315,0.004694565599999981,0.05157470819409558,0.0009416210358217558
ASP  60,R ASP  60,0.0,0.0,0.0,-0.011268666666666661,0.011522549698550039,0.00021037201299567359,0.05906533333333327,0.1794837515344743,0.0032769099807028012,-0.019705333333333328,0.19221718403468094,0.0035093895878638873,-7.867439999999996e-05,0.001758581701503982,3.2107162237651586e-05,0.02801265893333339,0.016203833293807146,0.00029584016710238034
SER  61,R SER  61,0.0,0.0,0.0,-0.03559499999999987,0.049678321647039086,0.0009069979128360168,-0.03694866666666665,0.0734406746852329,0.0013408371387833556,0.1091756666666666,0.15565916015841236,0.0028419344433690623,-0.003152671200000003,0.009060139306764026,0.0001654147557484625,0.033479328800000006,0.040360508207753096,0.0007368786925919591
GLY  62,R GLY  62,0.0,0.0,0.0,-0.01855199999999994,0.015520608750947887,0.0002833662506368746,0.07279033333333333,0.08282224966691547,0.0015121204801964777,-0.04716833333333334,0.09993493548582272,0.0018245539482802866,0.0,0.0,0.0,0.007070000000000035,0.03965362236500801,0.000723972781870208
CYX  63,R CYX  63,0.0,0.0,0.0,-0.02796966666666692,0.013091094169531328,0.00023900958596922224,0.048302999999999895,0.07048115959365811,0.0012868040329522732,0.034260333333333545,0.06665291111338563,0.0012169100980062694,-7.132800000000013e-06,0.00023963231694443905,4.37506751658989e-06,0.05458653386666671,0.02208051566458685,0.00040313321702801304
SER  64,R SER  64,0.0,0.0,0.0,-0.21780200000000047,0.12251153467871136,0.0022367443699368877,0.11669666666666656,0.27370348796137456,0.004997119147476283,0.20015633333333374,0.3086683666330069,0.0056354875731057606,-0.040116400800000014,0.03676556225212064,0.000671244259494897,0.058934599199999896,0.07504059466801606,0.0013700475476091428
GLY  65,R GLY  65,0.0,0.0,0.0,-0.6119283333333337,0.28054837704732805,0.005122089152676205,-1.1093253333333348,0.8901277253807774,0.016251434475060517,1.312095333333332,0.6828717358173686,0.012467475119662709,-0.1255268136000003,0.04986793226705032,0.0009104597132934399,-0.5346851469333322,0.4411966947533057,0.008055112733770223
GLY  66,R GLY  66,0.0,0.0,0.0,-1.3149343333333332,0.5335300004259873,0.009740880544635138,-1.115027333333333,0.8621584529073227,0.015740787760036536,1.3276923333333333,0.4534453370303359,0.008278741322901587,-0.20810313599999983,0.048483951027222624,0.0008851917884861867,-1.3103724693333354,0.9297626454833343,0.0169750658018967
LEU  67,R LEU  67,0.0,0.0,0.0,-2.2847686666666673,0.6071973916980143,0.011085856943043417,0.05933466666666666,0.15451944429387768,0.002821126173763991,0.15051499999999993,0.13982863241005652,0.0025529098718695305,-0.3751726895999995,0.06758061902494897,0.0012338476496709112,-2.4500916895999967,0.6327054039694459,0.011551567400316138
MET  68,R MET  68,0.0,0.0,0.0,-0.3722433333333334,0.23801552636096693,0.00434554909414557,0.005685999999999988,0.06698934793930561,0.0012230525659639965,-0.05953066666666672,0.08524325032647576,0.0015563217026290127,-0.014956276800000022,0.01177036276039192,0.00021489643979618098,-0.44104427680000013,0.27287642865809103,0.004982019179582854
ASN  69,R ASN  69,0.0,0.0,0.0,-0.04512366666666687,0.024001507728103267,0.0004382055732272243,0.00953533333333328,0.06032935232169828,0.0011014582382090272,0.10584433333333343,0.0747032045356079,0.0013638876747358228,-0.00038826000000000013,0.004040042735882878,7.37607513242646e-05,0.06986774000000007,0.02902350700658153,0.0005298943161804648
ASN  70,R ASN  70,0.0,0.0,0.0,-0.12330766666666679,0.12182637511867363,0.002224235125052788,0.0068493333333332915,0.2111999115361766,0.0038559651897153158,0.2563506666666665,0.2046009881848627,0.003735485883889909,-0.022296923999999975,0.039634671139996386,0.0007236267814225006,0.1175954093333335,0.13738176655132694,0.0025082364176690158
ALA  71,R ALA  71,0.0,0.0,0.0,-0.016220999999999996,0.0058492870505730205,0.00010679288209739016,-0.002271333333333326,0.01977720181308654,0.0003610806519119856,0.032268666666666966,0.022153927076003083,0.0004044735198950452,0.0,0.0,0.0,0.013776333333333364,0.011437466497825882,0.00020881861338562822
PHE  72,R PHE  72,0.0,0.0,0.0,-0.01163266666666656,0.0029819008851553162,5.444181263480628e-05,0.006323333333333319,0.01881140050312275,0.0003434476131274787,-0.021647333333333314,0.02111748784512229,0.00038555081502048797,0.0,0.0,0.0,-0.02695666666666668,0.009008632279960696,0.00016447437040012226
GLU  73,R GLU  73,0.0,0.0,0.0,-0.0063133333333333045,0.0033647915570244194,6.143240790284016e-05,-0.06641133333333346,0.21233829016820194,0.003876749044906721,0.08689233333333327,0.21002875376454727,0.003834582872051354,-2.2296000000000167e-06,0.00012209986635471892,2.2292283690281876e-06,0.014165437066666463,0.009073586159403601,0.00016566026056573393
TRP  74,R TRP  74,0.0,0.0,0.0,-0.006413333333333332,0.002768601732925085,5.054752072903208e-05,0.004659666666666662,0.014700901555875995,0.00026840051326053587,0.004437666666666686,0.015399311063233475,0.0002811516679790612,0.0,0.0,0.0,0.002684000000000009,0.00412756716076995,7.535872138570847e-05
ILE  75,R ILE  75,0.0,0.0,0.0,-0.002485666666666664,0.0007504184758446343,1.3700704226291726e-05,-0.001549999999999993,0.008906636102741951,0.00016261218349872223,0.004469666666666666,0.009082129700069674,0.00016581624356385962,0.0,0.0,0.0,0.00043400000000003614,0.0022974574352241186,4.194564207267379e-05
VAL  76,R VAL  76,0.0,0.0,0.0,-0.0011213333333333223,0.00048711212489757226,8.893409961355805e-06,0.002959000000000004,0.010048150028736623,0.00018345328106450772,-0.0016303333333333365,0.010282493855523928,0.00018773179440262404,0.0,0.0,0.0,0.000207333333333336,0.0014554539574380596,2.6572832129966304e-05
GLN  77,R GLN  77,0.0,0.0,0.0,-0.0013776666666666592,0.0006651074265777816,1.2143144690028734e-05,0.004470333333333415,0.020629795278243036,0.0003766468076869092,0.003200333333333327,0.020993861004800534,0.0003832937080485775,0.0,0.0,0.0,0.006293000000000092,0.002341185810652725,4.274400932685053e-05
GLU  78,R GLU  78,0.0,0.0,0.0,-0.0012086666666666663,0.0005601710056363016,1.0227276528245196e-05,-0.028563000000000238,0.12308493557025314,0.002247213190029921,0.039301000000000245,0.12248408222703845,0.002236243159035552,0.0,0.0,0.0,0.009529333333333459,0.0032695269110717797,5.969312138547336e-05
ASN  79,R ASN  79,0.0,0.0,0.0,-0.0006620000000000023,0.0004814104278056062,8.789311690911425e-06,0.002147000000000053,0.008912952615903243,0.00016272750672349616,0.002920333333333328,0.008550320845182131,0.00015610678669376302,0.0,0.0,0.0,0.004405333333333315,0.0016894885485125965,3.0845699622233675e-05
ASN  80,R ASN  80,0.0,0.0,0.0,-0.00030333333333333205,0.00045969796847737253,8.392898232478523e-06,0.0010296666666666284,0.005407906547105077,9.87344134909775e-05,0.000700666666666633,0.005383220803777441,9.828371554199986e-05,0.0,0.0,0.0,0.0014269999999998078,0.0009912976344167257,1.8098535852385005e-05
GLY  81,R GLY  81,0.0,0.0,0.0,-0.00025800000000000177,0.00043753399867896406,7.988241358396806e-06,0.001740333333333331,0.0031191195160743122,5.6947070616949946e-05,-0.0002790000000000006,0.003026300106290409,5.5252427799851295e-05,0.0,0.0,0.0,0.0012033333333333084,0.0008465551107610006,1.545591101116948e-05
ALA  82,R ALA  82,0.0,0.0,0.0,-0.0002986666666666662,0.00045767334299573394,8.355933797585416e-06,0.0010093333333333332,0.00502181038626068,9.168529426895686e-05,0.0008826666666666741,0.005131234376075821,9.368309385408912e-05,0.0,0.0,0.0,0.0015933333333333242,0.0009312834632317283,1.7002832008118354e-05
VAL  83,R VAL  83,0.0,0.0,0.0,-0.0006796666666666763,0.0004666046387348382,8.518996202387322e-06,-0.003907333333333329,0.002961882209376703,5.407632329162865e-05,0.007110000000000057,0.0033793342539616728,6.169792000815667e-05,0.0,0.0,0.0,0.002522999999999965,0.0013054262394584485,2.3833713283684427e-05
TYR  84,R TYR  84,0.0,0.0,0.0,-0.0005356666666666611,0.0004987262664918263,9.105454205930205e-06,0.003049333333333345,0.003865863364832701,7.05806856383898e-05,-0.003975999999999988,0.0038871700074304323,7.096968993090573e-05,0.0,0.0,0.0,-0.0014623333333333175,0.0009956143273822469,1.8177347522753e-05
THR  85,R THR  85,0.0,0.0,0.0,-0.00020333333333332973,0.0004024784328245228,7.348217218910627e-06,0.001275666666666614,0.002760375799697476,5.039733642285566e-05,0.0006276666666666692,0.0029488474396316758,5.383834204425408e-05,0.0,0.0,0.0,0.0016999999999999548,0.0011111555546665724,2.028683207293488e-05
GLU  86,R GLU  86,0.0,0.0,0.0,-0.00045400000000000285,0.000497879503494566,9.0899944994482e-06,0.12107766666666686,0.06965730615823565,0.0012717625959303063,-0.12006233333333355,0.06913055606041515,0.001262145498905495,0.0,0.0,0.0,0.0005613333333333917,0.0027786516314369718,5.073100593288535e-05
ASP  87,R ASP  87,0.0,0.0,0.0,-0.00012033333333333293,0.0003253509216557126,5.940067963197661e-06,0.06115533333333326,0.041143479089104366,0.0007511737197114854,-0.061774333333333355,0.041079330665054536,0.0007500025350821355,0.0,0.0,0.0,-0.000739333333333505,0.0007344291812169713,1.3408780981419488e-05
SER  88,R SER  88,0.0,0.0,0.0,-0.00011466666666666514,0.0003186192433331972,5.817164894293987e-06,-0.001157333333333358,0.002030906092254241,3.707910263007719e-05,0.0021469999999999957,0.0022363789929258394,4.0830507385205615e-05,0.0,0.0,0.0,0.0008749999999999595,0.0007793426717433325,1.4228785378005575e-05
TYR  89,R TYR  89,0.0,0.0,0.0,-0.0006530000000000036,0.0004767154986641909,8.703594404356708e-06,0.005629666666666686,0.004942723934116602,9.024137980787805e-05,-0.005932999999999986,0.005060551122819291,9.239260011254073e-05,0.0,0.0,0.0,-0.0009563333333333061,0.0009566050502805188,1.746513882206679e-05
PRO  90,R PRO  90,0.0,0.0,0.0,-0.0003106666666666721,0.0004627665598213624,8.448922789107469e-06,0.001372,0.0029538025210452774,5.392880903973755e-05,-0.0005749999999999988,0.003027161762003052,5.526815940887188e-05,0.0,0.0,0.0,0.0004863333333333403,0.0008612857959017737,1.57248552958064e-05
TYR  91,R TYR  91,0.0,0.0,0.0,-0.002764000000000003,0.0010562373470642834,1.9284167368884035e-05,-0.0035723333333333458,0.004051102881383651,7.39626810302667e-05,0.002664333333333331,0.004869325198514552,8.890130836849137e-05,0.0,0.0,0.0,-0.0036719999999999943,0.002929576078547836,5.3486496738272534e-05
ALA  92,R ALA  92,0.0,0.0,0.0,-0.0004670000000000011,0.0004989098114890044,9.108805263772594e-06,-0.005545333333333333,0.004709417326544287,8.598180341513263e-05,0.009410333333333286,0.005475152346941807,9.996214820657931e-05,0.0,0.0,0.0,0.0033979999999999987,0.0014902782737909567,2.7208634250505565e-05
SER  93,R SER  93,0.0,0.0,0.0,-0.001639666666666662,0.0006484544873946072,1.1839105008715859e-05,-0.004956333333333333,0.011836740537646105,0.0002161083266601533,0.011704000000000055,0.013956517617228409,0.00025480998410580834,0.0,0.0,0.0,0.005108000000000002,0.003757703554034007,6.860596669872527e-05
GLY  94,R GLY  94,0.0,0.0,0.0,-0.0008280000000000019,0.0005345552668651747,9.759599263175003e-06,0.01138266666666663,0.009297790036108469,0.00016975364459077938,-0.009689333333333355,0.008647089272633027,0.00015787352837940162,0.0,0.0,0.0,0.0008653333333333208,0.0029846046453238808,5.449117631595317e-05
GLU  95,R GLU  95,0.0,0.0,0.0,-0.0009683333333333204,0.000584235017399322,1.0666623263801063e-05,0.1484796666666664,0.06917436606062148,0.0012629453564174053,-0.14069233333333342,0.06741076329406936,0.0012307465224934348,0.0,0.0,0.0,0.0068189999999997706,0.0036516077281110036,6.666893079488627e-05
GLY  96,R GLY  96,0.0,0.0,0.0,-0.0010626666666666577,0.0006033845282146993,1.1016243898426772e-05,0.005416999999999999,0.013382193803708007,0.0002443243138398912,0.002364666666666665,0.01454742880679912,0.000265598497039478,0.0,0.0,0.0,0.0067190000000000305,0.002936103824231478,5.3605676523625456e-05
ILE  97,R ILE  97,0.0,0.0,0.0,-0.00127499999999998,0.0006377368840935804,1.1643429239037052e-05,0.0019213333333333294,0.006667219177104936,0.00012172621130438015,0.0016923333333333397,0.006724458433377532,0.00012277125236555747,0.0,0.0,0.0,0.002338666666666638,0.0014042690467128184,2.5638327789696215e-05
SER  98,R SER  98,0.0,0.0,0.0,-0.001384999999999986,0.000687586358212528,1.2553551954194303e-05,-0.007764666666666649,0.010219032156824931,0.00018657314760545617,0.012212000000000015,0.01188939538692642,0.00021706966828391542,0.0,0.0,0.0,0.00306233333333333,0.0028000799790165293,5.112223224419817e-05
PRO  99,R PRO  99,0.0,0.0,0.0,-0.0006819999999999957,0.0004763150218080207,8.696282730760602e-06,0.00991233333333331,0.006489014914110945,0.00011847266148153376,-0.010211666666666619,0.006706131315611286,0.00012243664650506993,0.0,0.0,0.0,-0.0009813333333334089,0.0012267782557939713,2.239780412517336e-05
PRO 100,R PRO 100,0.0,0.0,0.0,-0.00042366666666666654,0.0004941388693699562,9.021700176467453e-06,0.005992999999999962,0.00455517482284349,8.316573346169927e-05,-0.0047009999999999795,0.004276789956653605,7.808314443235737e-05,0.0,0.0,0.0,0.0008683333333333862,0.0008557631422044182,1.5624025895562036e-05
CYX 101,R CYX 101,0.0,0.0,0.0,-0.000544666666666666,0.0005020008853467019,9.165240293065108e-06,-0.004556000000000017,0.0035865764548753923,6.54816276184054e-05,0.0064653333333333255,0.0036265867638256783,6.621211257656615e-05,0.0,0.0,0.0,0.0013646666666666664,0.0009228677526541343,1.6849182857425583e-05
THR 102,R THR 102,0.0,0.0,0.0,-0.0002656666666666679,0.00044168754667625934,8.064074422790106e-06,0.0049006666666666825,0.005273720971846037,9.628453127560471e-05,-0.0035843333333333512,0.005235413503779375,9.55851357962374e-05,0.0,0.0,0.0,0.0010506666666666757,0.0009750724189629368,1.780230530223762e-05
THR 103,R THR 103,0.0,0.0,0.0,-0.00023100000000000182,0.00042147241902644597,7.694998375568467e-06,-0.0007366666666667191,0.002790457947283174,5.094655878321853e-05,0.0011320000000000071,0.0028264069063034707,5.160289397569338e-05,0.0,0.0,0.0,0.00016433333333328075,0.0007767418418553898,1.4181300938076913e-05
SER 104,R SER 104,0.0,0.0,0.0,-8.000000000000003e-05,0.00027129319932501047,4.953113498935118e-06,0.0027786666666666637,0.002190055909991574,3.9984767469996295e-05,-0.0027903333333333317,0.002161721510483937,3.946745447787309e-05,0.0,0.0,0.0,-9.166666666666945e-05,0.0006423373118714336,1.1727421174640504e-05
GLY 105,R GLY 105,0.0,0.0,0.0,-4.5333333333333484e-05,0.00020803418522498282,3.798167199331034e-06,0.0009443333333333273,0.0014120556724938995,2.578049147593453e-05,-0.0009383333333333317,0.001409206829705578,2.572847896066954e-05,0.0,0.0,0.0,-3.9333333333345725e-05,0.0006141006070307829,1.1211891834945845e-05
HID 106,R HID 106,0.0,0.0,0.0,-0.0001893333333333384,0.00039177317700709316,7.152766882408307e-06,-0.0034386666666666454,0.0030935801625660334,5.648078794959718e-05,0.003634999999999985,0.0031437411365017563,5.739659784729798e-05,0.0,0.0,0.0,6.999999999983686e-06,0.0007717627010076821,1.4090394679434082e-05
THR 107,R THR 107,0.0,0.0,0.0,-0.00010866666666666568,0.0003112205363118253,5.682083603228079e-06,0.0020719999999999484,0.0016832951810858516,3.0732624720682144e-05,-0.0020683333333333374,0.001684536698587766,3.075529162539334e-05,0.0,0.0,0.0,-0.00010500000000005313,0.0006752592094892907,1.2328490040013033e-05
VAL 108,R VAL 108,0.0,0.0,0.0,-0.0001526666666666654,0.000359665894345784,6.566570783281856e-06,-0.0006260000000000237,0.0024417460965464525,4.4579980559289304e-05,0.0013813333333333334,0.0024254040671378724,4.42816172878729e-05,0.0,0.0,0.0,0.0006026666666666274,0.0007276397154880676,1.3284822863648527e-05
GLY 109,R GLY 109,0.0,0.0,0.0,-8.466666666666734e-05,0.00027838502514004486,5.082591931361511e-06,-0.0022013333333333308,0.0023429607100608654,4.2776414408288574e-05,0.003277333333333335,0.0024095129982818217,4.399148739202867e-05,0.0,0.0,0.0,0.00099133333333334,0.0007602137126419974,1.3879539964625742e-05
ALA 110,R ALA 110,0.0,0.0,0.0,-0.00020333333333333328,0.00040247843282452953,7.34821721891075e-06,0.0008113333333333432,0.0016916672906402903,3.0885477829244494e-05,-9.466666666666637e-05,0.0017569969329006279,3.207822845390215e-05,0.0,0.0,0.0,0.0005133333333333224,0.0007973846137355645,1.4558184665017078e-05
THR 111,R THR 111,0.0,0.0,0.0,-0.00026166666666666444,0.0004395420596737247,8.024903368519361e-06,9.06666666666034e-05,0.0026651665780751854,4.865906181068775e-05,0.001981666666666663,0.0026418422654571334,4.8233220072047436e-05,0.0,0.0,0.0,0.001810666666666564,0.0009713321894295404,1.773401836604801e-05
ILE 112,R ILE 112,0.0,0.0,0.0,-0.0009936666666666694,0.0004190782212851263,7.65128650523351e-06,-0.0004550000000000137,0.004002662655449943,7.307828754911541e-05,0.0029046666666666613,0.004089121122632048,7.465679597454738e-05,0.0,0.0,0.0,0.0014559999999999263,0.0009209039037815414,1.681332804652391e-05
THR 113,R THR 113,0.0,0.0,0.0,-0.00037466666666666594,0.00048403672955216507,8.837261181224941e-06,-0.0015326666666667444,0.0037206092093754286,6.79287197212128e-05,0.004351666666666664,0.0038273572983050395,6.987766426378996e-05,0.0,0.0,0.0,0.002444333333333239,0.0013224602913592194,2.4144711099409958e-05
GLY 114,R GLY 114,0.0,0.0,0.0,-0.0005716666666666614,0.000496853991519507,9.07127129805715e-06,0.005209333333333325,0.00647813086897415,0.00011827394691358952,-0.001173000000000002,0.006492436959005954,0.00011853513918759349,0.0,0.0,0.0,0.003464666666666662,0.0013861523084503786,2.530756291587104e-05
HIE 115,R HIE 115,0.0,0.0,0.0,-0.005588666666666644,0.001974370335631711,3.604690565648446e-05,-0.0010329999999999816,0.015367256673416615,0.000280566437566736,0.011744333333333344,0.016444704351924796,0.00030023785083508616,0.0,0.0,0.0,0.005122666666666712,0.00572831734068172,0.00010458428746797945
VAL 116,R VAL 116,0.0,0.0,0.0,-0.003484999999999974,0.0011557573274698877,2.110114530857142e-05,0.001317999999999967,0.012815233487273365,0.0002339730820225072,-0.0002566666666666665,0.013087708822487627,0.00023894777827119495,0.0,0.0,0.0,-0.0024236666666667115,0.003217168510075635,5.8737192142123715e-05
GLU 117,R GLU 117,0.0,0.0,0.0,-0.026830000000000173,0.02315747035695659,0.0004227956296420778,-0.13821733333333325,0.6287628849040706,0.011479587179466132,0.31541999999999987,0.5948407733166916,0.01086025698897897,-0.0013592208000000004,0.008416331058634006,0.00015366047907483933,0.14901344586666682,0.08766281887824771,0.0016004967784701998
LEU 118,R LEU 118,0.0,0.0,0.0,-0.007115333333333303,0.0026712103790022057,4.876940601404774e-05,-0.01706666666666663,0.03102103945532595,0.0005663641022313265,0.036776333333333355,0.03168116643300159,0.000578416316781015,0.0,0.0,0.0,0.012594333333333348,0.003881722283843521,7.087022856105225e-05
PRO 119,R PRO 119,0.0,0.0,0.0,-0.004402333333333323,0.0018872717227668618,3.445670982336821e-05,0.0018200000000000015,0.02078492081614283,0.0003794789995653371,0.0068983333333333344,0.022079990879124444,0.0004031236358001594,0.0,0.0,0.0,0.004315999999999966,0.0029593035216639463,5.402924311066071e-05
GLN 120,R GLN 120,0.0,0.0,0.0,-0.050074333333333255,0.055261573218245916,0.0010089336738285549,0.04202866666666673,0.13255153153228963,0.0024200487950697446,0.051400666666666754,0.11637491195652476,0.002124705480208876,-0.010349639999999993,0.02240342471267819,0.00040902870268341794,0.033005360000000074,0.038022792681802156,0.000694198041705513
ASP 121,R ASP 121,0.0,0.0,0.0,-0.0024776666666666745,0.001023475071617476,1.8686012792303567e-05,0.029800333333333345,0.13700678498973043,0.0025013902223378517,-0.02380600000000005,0.13634168241590688,0.0024892471662465885,0.0,0.0,0.0,0.003516666666666512,0.0029361634075021252,5.360676436033824e-05
GLU 122,R GLU 122,0.0,0.0,0.0,-0.0024940000000000014,0.0008164745352225552,1.4906717352331324e-05,0.09476633333333329,0.16466903291113602,0.0030064314615996595,-0.09820833333333322,0.16348147172454192,0.0029847496599224865,0.0,0.0,0.0,-0.005936000000000064,0.005313370305182755,9.700842575089013e-05
ALA 123,R ALA 123,0.0,0.0,0.0,-0.0005060000000000028,0.0004999639987038967,9.128052001020262e-06,0.00027400000000001143,0.005125061690685631,9.357039655313615e-05,-0.00021800000000000037,0.0051573064028941655,9.415910176103203e-05,0.0,0.0,0.0,-0.00044999999999997614,0.0010677858711683043,1.9495013607472847e-05
GLN 124,R GLN 124,0.0,0.0,0.0,-0.001095999999999995,0.00047970546519019255,8.75818347477259e-06,-0.0012196666666668132,0.013359543900231748,0.00024391078507124915,0.01132499999999997,0.013630530987456195,0.0002488583097534308,0.0,0.0,0.0,0.009009333333332939,0.002688477801449676,4.908466457352942e-05
ILE 125,R ILE 125,0.0,0.0,0.0,-0.003920333333333336,0.0011661846146967573,2.129152065616282e-05,-0.0019403333333333208,0.009398622588207024,0.00017159458670128582,0.009209666666666678,0.009559203587235655,0.00017452638121710903,0.0,0.0,0.0,0.0033489999999999813,0.001993288488904701,3.639230229961636e-05
ALA 126,R ALA 126,0.0,0.0,0.0,-0.000503666666666666,0.0004999865553747853,9.128463827602526e-06,-0.0004663333333333221,0.00451488647574764,8.243017224473278e-05,-0.0012146666666666666,0.004501916431427361,8.219337271653082e-05,0.0,0.0,0.0,-0.002184666666666664,0.001145090195380067,2.0906391012922022e-05
ALA 127,R ALA 127,0.0,0.0,0.0,-0.0002766666666666644,0.0004473502232280881,8.167460278899845e-06,0.0003176666666666775,0.0038418859807246883,7.014292050019231e-05,0.0003769999999999982,0.0038679285153684186,7.061838995615834e-05,0.0,0.0,0.0,0.00041800000000002697,0.0008686825273558293,1.5859900518112873e-05
TRP 128,R TRP 128,0.0,0.0,0.0,-0.0016660000000000145,0.0005289398201433409,9.657075701841108e-06,0.0016710000000000047,0.004422000942258317,8.073432217946598e-05,-0.001774666666666673,0.004434774502597509,8.096753441738028e-05,0.0,0.0,0.0,-0.0017696666666666392,0.001464222167417077,2.6732917009781295e-05
LEU 129,R LEU 129,0.0,0.0,0.0,-0.0009820000000000148,0.00035262255552733325,6.437977598247947e-06,-0.0010303333333333267,0.004629335433467223,8.451971477226513e-05,0.0030093333333333317,0.0049075363359723035,8.95989450996094e-05,0.0,0.0,0.0,0.0009969999999999979,0.0014940964939833083,2.7278345094801322e-05
ALA 130,R ALA 130,0.0,0.0,0.0,-0.0002033333333333304,0.00040247843282452335,7.348217218910637e-06,0.00030933333333333073,0.002456076726995501,4.484162087796311e-05,-0.0010279999999999972,0.0024275946943425513,4.4321612485709135e-05,0.0,0.0,0.0,-0.0009220000000000015,0.0008233565448819908,1.5032365083379368e-05
VAL 131,R VAL 131,0.0,0.0,0.0,-0.0002100000000000007,0.0004073082370883288,7.436396977031333e-06,0.0007406666666666517,0.0027633457177044995,5.045155945906857e-05,0.0005006666666666617,0.0028122350936972415,5.134415326085445e-05,0.0,0.0,0.0,0.0010313333333333045,0.0008704509686873914,1.5892187691743576e-05
ASN 132,R ASN 132,0.0,0.0,0.0,-0.00041966666666666574,0.0004935043622457142,9.01011571430595e-06,-4.833333333322779e-05,0.00639478932847315,0.00011675234552326859,0.003845333333333313,0.006637123741166445,0.00012117674633299804,0.0,0.0,0.0,0.0033773333333335363,0.0014077000943220966,2.570096986207874e-05
GLY 133,R GLY 133,0.0,0.0,0.0,-0.00034400000000000283,0.0004750410508577177,8.673023309857694e-06,-0.002434333333333326,0.005183276430555821,9.463324742667609e-05,0.008448666666666662,0.005399015177686425,9.857208003772057e-05,0.0,0.0,0.0,0.005670333333333362,0.0015169003116736245,2.769468393967537e-05
PRO 134,R PRO 134,0.0,0.0,0.0,-0.0011989999999999965,0.0004810394994176546,8.782539496068087e-06,-0.005674333333333306,0.007564188074223359,0.0001381025479154565,0.012622333333333378,0.008255485119334502,0.00015072384743359117,0.0,0.0,0.0,0.0057490000000000475,0.0022302463989433098,4.071854204986389e-05
VAL 135,R VAL 135,0.0,0.0,0.0,-0.0049773333333333085,0.0013102746107421755,2.3922232027659678e-05,0.010361000000000007,0.011364682676314939,0.0002074897686901958,0.005938666666666665,0.012045922057784661,0.00021992744123325693,0.0,0.0,0.0,0.011322333333333337,0.005705824616613646,0.00010417362838958534
ALA 136,R ALA 136,0.0,0.0,0.0,-0.016172999999999965,0.005833729881759686,0.00010650884835439085,-0.018017333333333337,0.01694712462009064,0.00030941074797582703,0.042971666666667116,0.022026594468706195,0.00040214875518429673,0.0,0.0,0.0,0.008781333333333325,0.01372829868879942,0.0002506432956008012
VAL 137,R VAL 137,0.0,0.0,0.0,-0.0873793333333331,0.04377028793853468,0.0007991324684143913,0.017921333333333313,0.035366290139371696,0.0006456971628202135,0.02648833333333331,0.041185821151081575,0.0007519467764606922,0.0,0.0,0.0,-0.042969666666666746,0.04754387531416506,0.0008680284326927073
ALA 138,R ALA 138,0.0,0.0,0.0,-0.5115720000000005,0.23413098787359882,0.0042746274489779525,-0.04809366666666668,0.052726491379781956,0.0009626496235602756,0.12904466666666692,0.06453069557625615,0.0011781639206204775,-0.04521091440000007,0.022551621287342113,0.00041173438957969893,-0.4758319143999991,0.2642611532533748,0.00482472649030677
VAL 139,R VAL 139,0.0,0.0,0.0,-0.18552033333333315,0.05604804117798344,0.0010232925485719985,0.01918000000000002,0.044226277256852464,0.0008074576562685264,-0.06415766666666654,0.05449605008214442,0.000994957197497392,0.0,0.0,0.0,-0.23049799999999945,0.07113573876282937,0.001298754958839876
ASP 140,R ASP 140,0.0,0.0,0.0,-0.06535100000000005,0.022406467793920574,0.0004090842614914438,0.3651583333333333,0.49028990872464673,0.008951428090854599,-0.3611376666666659,0.4856343714303552,0.008866429997741598,0.0,0.0,0.0,-0.06133033333333373,0.042865003750793704,0.0007826043160617755
ALA 141,R ALA 141,0.0,0.0,0.0,-0.02391300000000023,0.005763919181712499,0.00010523428518202181,-0.014593999999999975,0.02251896602125998,0.00041113818871788173,0.04816800000000035,0.026700332881819326,0.0004874791537423121,0.0,0.0,0.0,0.009661000000000022,0.012795028162011685,0.00023360418494158884
SER 142,R SER 142,0.0,0.0,0.0,-0.010648666666666777,0.003056015634048763,5.5794956628565345e-05,-0.027041666666666717,0.03757263983125072,0.0006859794126864372,0.051822666666666746,0.038720458238794185,0.000706935613810811,0.0,0.0,0.0,0.014132333333333292,0.010171700344037452,0.00018570899088707902
SER 143,R SER 143,0.0,0.0,0.0,-0.002861333333333337,0.0007160806906737157,1.3073784909195777e-05,-0.013624666666666656,0.018383374505846917,0.0003356329633305914,0.02843166666666688,0.01987358373710026,0.0003628403370425877,0.0,0.0,0.0,0.011945666666666677,0.004556100074503224,8.318262616854612e-05
TRP 144,R TRP 144,0.0,0.0,0.0,-0.012854333333333244,0.0028596820141800565,5.2210411548607506e-05,-0.005406333333333312,0.014155890171782082,0.0002584500122883576,-0.011509666666666623,0.018646462753622094,0.00034043627559462384,0.0,0.0,0.0,-0.029770333333333336,0.012847006910388176,0.0002345531827081451
MET 145,R MET 145,0.0,0.0,0.0,-0.00223166666666665,0.0011030248813553788,2.013838696692668e-05,-0.003357999999999995,0.009441848477213893,0.00017238377985052838,0.004673333333333347,0.009732109512102478,0.00017768319706297077,0.0,0.0,0.0,-0.0009163333333333948,0.0025441435799804703,4.6449494276241744e-05
THR 146,R THR 146,0.0,0.0,0.0,-0.0006469999999999881,0.0004785996935505334,8.737994939089564e-06,-0.005329999999999997,0.006709180277798426,0.00012249231268396583,0.00892966666666664,0.0072417806205073605,0.00013221622007852135,0.0,0.0,0.0,0.002952666666666676,0.0016339398873751348,2.983152446409373e-05
TYR 147,R TYR 147,0.0,0.0,0.0,-0.0011566666666666767,0.0004321908014857459,7.890688370666008e-06,0.00204166666666668,0.0036963852462762307,6.748645268715935e-05,-0.0011260000000000011,0.003761221964557084,6.86702037923937e-05,0.0,0.0,0.0,-0.00024099999999996,0.00101040536419799,1.844739367318206e-05
THR 148,R THR 148,0.0,0.0,0.0,-0.0002816666666666661,0.00044981168899391384,8.212400289715495e-06,-0.0009070000000000237,0.003183868349455811,5.8129217170789624e-05,0.001574000000000004,0.0031719379985533603,5.791139976051548e-05,0.0,0.0,0.0,0.00038533333333333177,0.0008319764953944612,1.5189743128054645e-05
GLY 149,R GLY 149,0.0,0.0,0.0,-0.00015333333333333364,0.00036030850978324426,6.57830328231179e-06,0.000850666666666663,0.0024774381032743355,4.523162446620556e-05,-0.00010000000000000994,0.0024551985663078257,4.482558793070465e-05,0.0,0.0,0.0,0.0005973333333333159,0.0007315687861635808,1.3356557551615547e-05
GLY 150,R GLY 150,0.0,0.0,0.0,-0.00014566666666666623,0.0003527717234826056,6.4407010200466e-06,0.005256999999999989,0.0041179628054010525,7.518337064951377e-05,-0.004800666666666658,0.004049724215575909,7.393751015152798e-05,0.0,0.0,0.0,0.00031066666666667664,0.0007331345185040856,1.3385143782345875e-05
VAL 151,R VAL 151,0.0,0.0,0.0,-0.000359333333333333,0.00047980505300474716,8.76000169118873e-06,-0.002064333333333316,0.0030317532697910765,5.535198848848728e-05,0.004975999999999967,0.0032641625776504177,5.959518250477807e-05,0.0,0.0,0.0,0.0025523333333333574,0.0010391957894876126,1.8973032518891845e-05
MET 152,R MET 152,0.0,0.0,0.0,-0.0015900000000000079,0.0005421254467372239,9.897811205851433e-06,0.0003996666666666565,0.007939727108380694,0.00014495892125651236,0.0026593333333333287,0.00910556311029448,0.00016624407714317292,0.0,0.0,0.0,0.0014689999999999888,0.0025177448242425507,4.5967521142650825e-05
THR 153,R THR 153,0.0,0.0,0.0,-0.0006706666666666603,0.0004818778083935823,8.797844853943909e-06,0.0024736666666666735,0.005638378007508508,0.00010294222741511475,0.003884999999999991,0.006024099517770277,0.00010998450648462579,0.0,0.0,0.0,0.0056879999999999535,0.0016346220766077105,2.9843979478466025e-05
SER 154,R SER 154,0.0,0.0,0.0,-0.0008469999999999711,0.00045708241415895923,8.345144962459356e-06,-0.0022869999999999935,0.008224635615028805,0.0001501606151203884,0.010474333333333335,0.009092524835758717,0.0001660060319073668,0.0,0.0,0.0,0.007340333333333341,0.002112780132642304,3.8573911256564894e-05
CYX 155,R CYX 155,0.0,0.0,0.0,-0.003625333333333335,0.0010958823943390248,2.0007983591741854e-05,-0.0010553333333333198,0.016295447366945576,0.00029751280358380854,0.01598100000000005,0.018498053203873047,0.0003377267003230659,0.0,0.0,0.0,0.011300333333333351,0.005323858239618735,9.719990835996417e-05
VAL 156,R VAL 156,0.0,0.0,0.0,-0.007273333333333358,0.0030632154493095217,5.592640666950492e-05,0.008573666666666634,0.01986098117471089,0.00036261024678582027,0.01796666666666663,0.021905818608052418,0.0003999436997415576,0.0,0.0,0.0,0.019266999999999927,0.00635570958535202,0.00011603885029497023
SER 157,R SER 157,0.0,0.0,0.0,-0.018910666666666798,0.016319477714953998,0.0002979515357061056,-0.003485999999999998,0.05238315063707644,0.0009563811079039292,0.049770000000000265,0.05213951572464006,0.0009519329633260225,-2.496719999999995e-05,0.000550794617442981,1.0056087884198305e-05,0.02734836613333336,0.014752126234619562,0.00026933574366216277
GLU 158,R GLU 158,0.0,0.0,0.0,-0.12151433333333277,0.16004091704276383,0.002921934012937824,0.18834600000000004,0.6835090676921082,0.01247911115447644,0.03890466666666679,0.6367858715807758,0.011626066205512627,-0.015586415999999997,0.03129899258978001,0.0005714388089536515,0.09014991733333313,0.09894350841323596,0.0018064530492210506
GLN 159,R GLN 159,0.0,0.0,0.0,-0.8485990000000004,0.6966772003821684,0.012719527264962012,-0.40453033333333416,0.6586386706026462,0.012025041904476135,0.9768343333333355,0.7490230122552218,0.013675226663421781,-0.14578860480000014,0.12827583377338883,0.0023419855913489364,-0.4220836048000008,0.7145725538016124,0.01304625022304057
LEU 160,R LEU 160,0.0,0.0,0.0,-2.5254549999999996,0.7433272549658226,0.013571236838439167,-0.5179956666666671,0.7740271427074686,0.01413173753940503,1.1254026666666674,0.5576272959539275,0.010180834955819177,-0.39299724719999934,0.06955264255303671,0.0012698517086797304,-2.3110452471999965,0.7358438058443328,0.013434608375379763
ASP 161,R ASP 161,0.0,0.0,0.0,-1.0069209999999988,0.35153012307008896,0.006418032601601831,0.6341506666666671,0.745511931471402,0.013611123391871082,-0.03980199999999942,0.7630640017691831,0.013931578886304785,-0.13116974400000014,0.044380041377188977,0.0008102649921766347,-0.5437420773333331,0.3284403134191915,0.005996472281791929
HIE 162,R HIE 162,0.0,0.0,0.0,-0.718727333333334,0.2982174726373716,0.005444681226855602,0.0586903333333333,0.09785863497867148,0.0017866460608160816,0.14034200000000005,0.11805995243660429,0.0021554699695838387,-0.03702155279999997,0.016605345707731922,0.0003031707473098787,-0.5567165528000002,0.2833242917779559,0.005172770189865396
GLY 163,R GLY 163,0.0,0.0,0.0,-0.33232033333333333,0.19369062716926233,0.0035362908559309326,-0.002726000000000018,0.036945765530932956,0.0006745343061862936,0.08397600000000004,0.053358361644013294,0.0009741859434648174,-0.010469347199999968,0.007240585205968681,0.00013219439489490787,-0.26153968053333343,0.18800430489036,0.0034324732898842994
VAL 164,R VAL 164,0.0,0.0,0.0,-0.05243966666666686,0.024474756244387365,0.000446845869483046,0.0023520000000000017,0.0172915035783474,0.00031569821876807234,-0.006489666666666663,0.019704802119167593,0.0003597588203947897,0.0,0.0,0.0,-0.056577333333333306,0.030557476219231147,0.0005579006341900192
LEU 165,R LEU 165,0.0,0.0,0.0,-0.007165333333333286,0.0024439036169393094,4.461937131220414e-05,0.006383666666666606,0.006522356416374459,0.00011908139124456163,-0.004271999999999995,0.007804657754614669,0.00014249290352700246,0.0,0.0,0.0,-0.005053666666666787,0.005167667419209111,9.434826717284452e-05
LEU 166,R LEU 166,0.0,0.0,0.0,-0.004576333333333301,0.0012119570491106178,2.2127207150842724e-05,-0.0013273333333333602,0.005614699714934795,0.00010250992291625377,0.005540333333333321,0.006313401609979296,0.00011526641587916977,0.0,0.0,0.0,-0.00036333333333335373,0.0028424148575150856,5.1895157841628165e-05
VAL 167,R VAL 167,0.0,0.0,0.0,-0.0010053333333333264,0.00041549755982697034,7.585912870186132e-06,-0.0038423333333333634,0.003528097866493409,6.4413959552143e-05,0.004298000000000013,0.004083200868599609,7.454870741855645e-05,0.0,0.0,0.0,-0.0005496666666666647,0.0017037800784008752,3.110662606560266e-05
GLY 168,R GLY 168,0.0,0.0,0.0,-0.00032599999999999806,0.00046874726665869815,8.558115057261941e-06,0.0038096666666666496,0.004630850161927299,8.45473698038011e-05,-0.003973666666666652,0.004735782922483757,8.64631711364031e-05,0.0,0.0,0.0,-0.0004900000000000043,0.0012118443244355692,2.2125149089265675e-05
TYR 169,R TYR 169,0.0,0.0,0.0,-0.0005680000000000181,0.0004953544185732181,9.043892967080253e-06,-0.0014256666666666883,0.0034861355714059577,6.364783636600683e-05,-0.0001846666666666659,0.0034949341751868424,6.380847615818484e-05,0.0,0.0,0.0,-0.0021783333333333463,0.0010446038589925872,1.907176990757286e-05
ASN 170,R ASN 170,0.0,0.0,0.0,-0.00018466666666666913,0.0003880269177375372,7.084369858801685e-06,0.00010233333333334827,0.0024943658958183662,4.5540682260376674e-05,5.300000000000097e-05,0.0025276189718125603,4.61477975879918e-05,0.0,0.0,0.0,-2.9333333333302866e-05,0.0007369800238509399,1.3455352783128505e-05
ASP 171,R ASP 171,0.0,0.0,0.0,-0.0001856666666666667,0.00038883744104131144,7.099167922030378e-06,0.051230666666666605,0.07701001315557746,0.0014060040453026457,-0.051514999999999825,0.07662643870318742,0.0013990009659674218,0.0,0.0,0.0,-0.0004700000000000391,0.0008849293757132166,1.6156526029236435e-05
SER 172,R SER 172,0.0,0.0,0.0,-6.333333333333335e-05,0.0002435615368284207,4.446804928718376e-06,-0.001137333333333334,0.0020499933875232114,3.7427587369429746e-05,0.001158666666666657,0.0020507295178924826,3.7441027209713564e-05,0.0,0.0,0.0,-4.200000000000074e-05,0.0006150089430243963,1.122847570539571e-05
ALA 173,R ALA 173,0.0,0.0,0.0,-7.433333333333237e-05,0.0002623125785944836,4.7891505471181815e-06,-0.0007223333333333342,0.0017072105578659184,3.116925776513807e-05,0.0007839999999999956,0.0016956839328129537,3.0958811346690974e-05,0.0,0.0,0.0,-1.2666666666661718e-05,0.000633908160190086,1.157352662409028e-05
ALA 174,R ALA 174,0.0,0.0,0.0,-6.266666666666653e-05,0.0002423624466693534,4.424912637764922e-06,-0.0002216666666666645,0.001727193452460433,3.1534093836260194e-05,0.00030266666666667243,0.0017079401498751566,3.1182578231845916e-05,0.0,0.0,0.0,1.833333333336403e-05,0.0006418700976227707,1.1718891048534486e-05
VAL 175,R VAL 175,0.0,0.0,0.0,-0.00016766666666666636,0.00037357001426179237,6.8204241206236765e-06,-4.533333333336742e-05,0.0021329037067393183,3.894131577225027e-05,0.0008939999999999985,0.0021759512862194494,3.972725344982575e-05,0.0,0.0,0.0,0.0006809999999999897,0.0007374996045196305,1.3464838984884685e-05
PRO 176,R PRO 176,0.0,0.0,0.0,-0.0002606666666666668,0.0004389983548437941,8.014976721853444e-06,0.003583666666666647,0.0047522976781996925,8.676468794431328e-05,-0.002447333333333325,0.004693814321944219,8.569693282898882e-05,0.0,0.0,0.0,0.0008756666666666745,0.0008672991922565351,1.5834644390163805e-05
TYR 177,R TYR 177,0.0,0.0,0.0,-0.0005126666666666544,0.0004998395298048561,9.12577952022985e-06,-0.004787333333333328,0.0048731344692667065,8.897085581911136e-05,0.01008666666666666,0.005327646968617682,9.72690807711974e-05,0.0,0.0,0.0,0.004786666666666691,0.0015894932805421516,2.9020044158527458e-05
TRP 178,R TRP 178,0.0,0.0,0.0,-0.0027083333333333226,0.000599386260177122,1.094324584525567e-05,-0.0021959999999999957,0.007504060056618281,0.0001370047655294442,-0.006537333333333348,0.007851535278034517,0.0001433487660942367,0.0,0.0,0.0,-0.01144166666666661,0.003242313560133023,5.919627584632465e-05
ILE 179,R ILE 179,0.0,0.0,0.0,-0.0008859999999999983,0.00035731032264213475,6.52356412468487e-06,-0.0012246666666666617,0.0039044664452678604,7.128547823650723e-05,0.004254000000000017,0.004369151405021279,7.976942605618481e-05,0.0,0.0,0.0,0.002143333333333338,0.002080734378904604,3.798883851675177e-05
ILE 180,R ILE 180,0.0,0.0,0.0,-0.004362999999999978,0.0011313256236232957,2.0655085464735947e-05,-0.003687000000000002,0.0062197291741682625,0.00011355619900883118,0.01568133333333351,0.007888627989425537,0.0001440259832524997,0.0,0.0,0.0,0.00763133333333331,0.003264468035615566,5.960075937870745e-05
LYS 181,R LYS 181,0.0,0.0,0.0,-0.003030333333333342,0.0009546796437665682,1.7429985869398188e-05,-0.11947933333333348,0.08437796062690481,0.0015405237463879504,0.14736933333333316,0.08693837430169865,0.0015872702905955932,0.0,0.0,0.0,0.02485966666666658,0.00668410850866127,0.00012203456690019973
ASN 182,R ASN 182,0.0,0.0,0.0,-0.005379333333333328,0.001683282375466366,3.0732390923126975e-05,0.004992666666666779,0.00911620971432524,0.00016643845664945532,0.013353000000000089,0.009746198797479814,0.00017794043104364728,0.0,0.0,0.0,0.012966333333333385,0.006464250399096787,0.00011802052536490276
SER 183,R SER 183,0.0,0.0,0.0,-0.00566733333333333,0.0021371319306230977,3.9018512225561207e-05,-0.0024913333333333463,0.008573870667453663,0.0001565367456565415,0.014290333333333429,0.011127864719802314,0.00020316608413005442,0.0,0.0,0.0,0.006131666666666681,0.004831873055267711,8.821752891238438e-05
TRP 184,R TRP 184,0.0,0.0,0.0,-0.012807666666666634,0.004028979344146131,7.355876235037352e-05,-0.024659333333333398,0.015729906109770955,0.0002871874801253295,0.023985000000000093,0.015077005947246902,0.0002752672085648891,0.0,0.0,0.0,-0.013481999999999961,0.009698574259480989,0.00017707092991855664
THR 185,R THR 185,0.0,0.0,0.0,-0.0007716666666666629,0.0004391627134546574,8.01797748580978e-06,-0.00020733333333344817,0.004607133550870329,8.411436570835179e-05,0.005397666666666661,0.005344735218470193,9.758106810161423e-05,0.0,0.0,0.0,0.004418666666666615,0.002356986399809931,4.3032487296959644e-05
THR 186,R THR 186,0.0,0.0,0.0,-0.0003369999999999987,0.0004726848844632121,8.630005793740816e-06,-0.0004756666666666559,0.0025620449948343233,4.677632790046552e-05,0.0010396666666666746,0.002792029110800171,5.0975244173211475e-05,0.0,0.0,0.0,0.0002270000000000456,0.0009122158004917073,1.6654705708064675e-05
GLN 187,R GLN 187,0.0,0.0,0.0,-0.0003303333333333327,0.0004703330970942033,8.587068227325422e-06,-0.003509333333333392,0.005917593504870778,0.0001080399816254594,0.004883666666666652,0.0063421972971167756,0.0001157921507926384,0.0,0.0,0.0,0.0010440000000000206,0.0011358098432395656,2.0736955739290555e-05
TRP 188,R TRP 188,0.0,0.0,0.0,-0.0023896666666666498,0.0006917320451029311,1.2629241495068543e-05,-0.0015753333333333342,0.006498999273392443,0.00011865495010822417,-0.0014946666666666706,0.007612049979400376,0.00013897638275247736,0.0,0.0,0.0,-0.005459666666666681,0.003932646253549327,7.179996879190492e-05
GLY 189,R GLY 189,0.0,0.0,0.0,-0.0002563333333333356,0.0004366080113277355,7.971335219722395e-06,-0.0037499999999999717,0.004281140813692833,7.816257985051954e-05,0.004711333333333321,0.004344498999373261,7.931933676717857e-05,0.0,0.0,0.0,0.0007049999999999971,0.0008229874442136477,1.5025626257977977e-05
GLU 190,R GLU 190,0.0,0.0,0.0,-0.0003909999999999961,0.0004879743845736101,8.909152597188907e-06,0.09211400000000029,0.0734421337108334,0.0013408637768244681,-0.09114166666666661,0.07295263941230785,0.0013319268745220479,0.0,0.0,0.0,0.0005813333333334967,0.0010046814862875342,1.834289043824999e-05
GLU 191,R GLU 191,0.0,0.0,0.0,-0.00027333333333333403,0.0004456705310228906,8.136793435218104e-06,0.084145,0.05511327706037231,0.0010062261687999307,-0.08183433333333327,0.05457238209835476,0.000996350823068667,0.0,0.0,0.0,0.002037333333333597,0.0012393302850960115,2.2626971778213136e-05
GLY 192,R GLY 192,0.0,0.0,0.0,-0.00044733333333333615,0.0004972184853987405,9.077926015381442e-06,0.0040393333333333436,0.004195527724719369,7.659950584890411e-05,-0.0032116666666666682,0.00421863294076276,7.702134744967063e-05,0.0,0.0,0.0,0.0003803333333333452,0.001158309064493973,2.1147733439535176e-05
TYR 193,R TYR 193,0.0,0.0,0.0,-0.0010799999999999926,0.00045709225910457333,8.345324705752365e-06,0.0018589999999999746,0.0027992473393158215,5.1107030392653106e-05,-0.0004453333333333395,0.003075117052876018,5.614369922763338e-05,0.0,0.0,0.0,0.00033366666666662727,0.0014811031549340087,2.704112026498085e-05
ILE 194,R ILE 194,0.0,0.0,0.0,-0.0021553333333333424,0.0006004483510028419,1.096263688203454e-05,-0.001002333333333341,0.00407336812587431,7.436918691879674e-05,0.0037526666666666615,0.004420953089801092,8.071519109854068e-05,0.0,0.0,0.0,0.000595000000000045,0.0016005129386127087,2.9221234668568723e-05
ARG 195,R ARG 195,0.0,0.0,0.0,-0.0007760000000000143,0.0004177207998970677,7.626503494757521e-06,-0.08116166666666659,0.07312018552052177,0.0013349858339517465,0.08664533333333342,0.07305194187395378,0.00133373988113069,0.0,0.0,0.0,0.004707666666667099,0.0017158694265271516,3.132734635474581e-05
ILE 196,R ILE 196,0.0,0.0,0.0,-0.002809666666666664,0.0006748628667286537,1.2321253844329543e-05,-0.004910666666666609,0.006886703581701651,0.00012573342995165387,0.0074406666666667,0.007223190400062425,0.0001318768106422985,0.0,0.0,0.0,-0.00027966666666664195,0.0018383289211189103,3.356314060703208e-05
ALA 197,R ALA 197,0.0,0.0,0.0,-0.0006536666666666748,0.0004765010201691105,8.699678580694864e-06,0.007534999999999983,0.010550518549657432,0.0001926252334341355,-0.004689999999999986,0.010472116946125655,0.00019119382254083778,0.0,0.0,0.0,0.0021913333333333043,0.0013117640370466893,2.394942510715047e-05
LYS 198,R LYS 198,0.0,0.0,0.0,-0.0009230000000000105,0.00038349837027029107,7.0016902721168995e-06,-0.061487333333333366,0.10342472225193011,0.0018882684460362874,0.06732399999999973,0.1025298087907449,0.0018719296363794154,0.0,0.0,0.0,0.004913666666666477,0.0023359965515573023,4.264926685140714e-05
GLY 199,R GLY 199,0.0,0.0,0.0,-0.0004536666666666671,0.0004978485936730379,9.089430165898218e-06,-0.00355533333333336,0.00742802833118511,0.00013561662249258466,0.007255999999999995,0.0074195999892177015,0.00013546274272532074,0.0,0.0,0.0,0.003246999999999993,0.0018176883671300157,3.318629737306138e-05
SER 200,R SER 200,0.0,0.0,0.0,-0.0011683333333333088,0.0006287531753841381,1.1479409908696478e-05,0.005522333333333332,0.013311455012715781,0.00024303280612265502,0.0060766666666666695,0.012687715405943824,0.00023164493103470827,0.0,0.0,0.0,0.010430666666666626,0.003287429526071865,6.0019976921269265e-05
ASN 201,R ASN 201,0.0,0.0,0.0,-0.009626333333333287,0.00814141919787666,0.00014864129815942207,0.01729800000000018,0.03370247067105535,0.0006153201143397762,0.0002623333333333389,0.03429291736236832,0.000626100146734323,-2.664000000000185e-07,1.4588896841092184e-05,2.6635559629940166e-07,0.00793373360000012,0.013824382780837516,0.0002523975430883568
GLN 202,R GLN 202,0.0,0.0,0.0,-0.004499666666666637,0.001452583866387345,2.6520431676280635e-05,0.011837666666666634,0.0183030047047533,0.00033416561823055213,0.008343666666666687,0.020577776683165138,0.0003756970824224461,0.0,0.0,0.0,0.01568166666666664,0.007261427583853951,0.00013257492291223483
CYX 203,R CYX 203,0.0,0.0,0.0,-0.014852666666666643,0.00504178799854009,9.205003389864102e-05,0.007963999999999987,0.024399044462164177,0.00044546356778329407,-0.0013100000000000024,0.03010251207679074,0.000549594163400999,0.0,0.0,0.0,-0.008198666666666644,0.01759167980103728,0.00032117866171453704
LEU 204,R LEU 204,0.0,0.0,0.0,-0.17842566666666626,0.1868548290551314,0.003411486828408906,-0.005493666666666668,0.05851020389546497,0.00106824528392576,0.030869000000000004,0.06339654963534452,0.0011574573434424702,-0.016706243999999988,0.028114232699260062,0.0005132933145444696,-0.1697565773333334,0.2027960013593168,0.0037025314838782047
VAL 205,R VAL 205,0.0,0.0,0.0,-0.016619666666666713,0.0048126582975409685,8.786671703758659e-05,-0.0074839999999999915,0.020151304606236545,0.0003679108031997838,0.038456666666666875,0.023169911283577888,0.00042302276884696955,0.0,0.0,0.0,0.014353000000000051,0.005876653611254117,0.00010729252485093583
LYS 206,R LYS 206,0.0,0.0,0.0,-0.025175666666666756,0.012462803639452288,0.00022753862276951662,-0.1332330000000003,0.4085979263012313,0.007459943372833926,0.24069200000000088,0.4020499866965132,0.007340394898611074,0.0,0.0,0.0,0.08228333333333332,0.03287979707290749,0.0006003002181007921
GLU 207,R GLU 207,0.0,0.0,0.0,-0.3765000000000004,0.27852068983590195,0.0050850688185007775,0.018524666666666505,0.8663390318219666,0.015817114339202566,0.32087666666666653,0.9030573061119778,0.01648749524257927,-0.07260767760000006,0.0564954535578025,0.0010314611436697974,-0.10970634426666667,0.19247523376790823,0.00351410090985878
GLU 208,R GLU 208,0.0,0.0,0.0,-0.6809093333333339,0.3678582731336743,0.006716142472007001,-0.5572813333333341,1.3404496487565496,0.024473150327461297,1.3387896666666639,1.492393579933446,0.02724725428018125,-0.09437251679999988,0.06329218998262445,0.0011555520055795306,0.006226483199999621,0.3518965710837822,0.006424722996376922
ALA 209,R ALA 209,0.0,0.0,0.0,-0.023099333333333354,0.008799477231946885,0.0001606557391396809,-0.019394,0.036839626726302935,0.0006725964856022104,0.04509999999999997,0.036747154084817685,0.0006709081738790918,0.0,0.0,0.0,0.0026066666666666773,0.0076595009991223435,0.0001398427158817555
SER 210,R SER 210,0.0,0.0,0.0,-0.014947666666666647,0.004734440609923086,8.643866397411304e-05,0.014206333333333305,0.027069720351139408,0.0004942232153891907,0.009508999999999998,0.02754234168814759,0.0005028520609704451,0.0,0.0,0.0,0.008767666666666719,0.0077130422805934806,0.00014082024146907132
SER 211,R SER 211,0.0,0.0,0.0,-0.0031230000000000164,0.0008492375011346351,1.550488453502529e-05,-0.002949999999999978,0.0057772109764718,0.0001054769590426684,0.00842100000000004,0.0069326588694379795,0.00012657245487598145,0.0,0.0,0.0,0.0023480000000000033,0.003755293508280493,6.856196548459797e-05
ALA 212,R ALA 212,0.0,0.0,0.0,-0.0014273333333333362,0.0005391841573669735,9.844110854643555e-06,-0.0004920000000000023,0.005420080196208669,9.895667289835049e-05,-0.0009003333333333334,0.00575839096932079,0.00010513335429436785,0.0,0.0,0.0,-0.00281966666666664,0.0021908476036051044,3.9999221751688404e-05
VAL 213,R VAL 213,0.0,0.0,0.0,-0.000774999999999998,0.00042783369042963086,7.811138770299697e-06,0.00034533333333332196,0.003355802669340936,6.12682940178027e-05,-0.0007979999999999998,0.003344427604239639,6.106061469283368e-05,0.0,0.0,0.0,-0.0012276666666666543,0.0011026488813559374,2.0131522177549482e-05
VAL 214,R VAL 214,0.0,0.0,0.0,-0.00033699999999999724,0.00047268488446321015,8.63000579374078e-06,-0.0006976666666666661,0.0023958842255464075,4.374266118341875e-05,0.00016366666666666464,0.002410023489973115,4.4000807652520016e-05,0.0,0.0,0.0,-0.0008709999999999658,0.0008631486932543079,1.575886699254972e-05
GLY 215,R GLY 215,0.0,0.0,0.0,-0.00010399999999999979,0.0003052605444534222,5.573269537114928e-06,0.006461666666666734,0.06914425884016358,0.0012623956762911194,-0.006939333333333224,0.06877774096965482,0.001255704006110906,0.0,0.0,0.0,-0.0005816666666664882,0.0008177187101252297,1.4929432774320546e-05
LM1 216,L LM1   1,0.0,0.0,0.0,-14.560445000000007,1.9753856400648617,0.036065442494510186,-2.015871333333335,2.7751982837468696,0.05066795671859277,5.720007666666669,2.4106023372332808,0.04401137590924478,-2.6185466495999994,0.2698385299858861,0.004926554991910133,-13.474855316266664,2.3124376818629826,0.04221914270604368

