| Run on Fri Feb 13 18:37:52 2026
| GB non-polar solvation energies calculated with gbsa=2
idecomp = 2: Per-residue decomp adding 1-4 interactions to EEL and VDW.
Energy Decomposition Analysis (All units kcal/mol): Generalized Born solvent
DELTAS:
Total Energy Decomposition:
Residue,Location,Internal,,,van der Waals,,,Electrostatic,,,Polar Solvation,,,Non-Polar Solv.,,,TOTAL,,
,,Avg.,Std. Dev.,Std. Err. of Mean,Avg.,Std. Dev.,Std. Err. of Mean,Avg.,Std. Dev.,Std. Err. of Mean,Avg.,Std. Dev.,Std. Err. of Mean,Avg.,Std. Dev.,Std. Err. of Mean
ALA   1,R ALA   1,0.0,0.0,0.0,-6.633333333333357e-05,0.00024886386282910275,4.543611713979033e-06,0.07092233333333321,0.0827296337549142,0.0015104295527235774,-0.07004899999999996,0.08239635873224822,0.0015043448111313374,0.0,0.0,0.0,0.0008070000000000637,0.0007770141568850208,1.4186272707559465e-05
PRO   2,R PRO   2,0.0,0.0,0.0,-8.500000000000127e-05,0.0002788816953476908,5.0916598472404596e-06,-0.002925666666666656,0.0035605441375659787,6.500634470458879e-05,0.0027839999999999944,0.0035389278979185913,6.461168796914507e-05,0.0,0.0,0.0,-0.00022666666666664408,0.0006480397793003061,1.1831533509448236e-05
ALA   3,R ALA   3,0.0,0.0,0.0,-5.700000000000018e-05,0.00023184261903282644,4.23284774117852e-06,-0.0019323333333333321,0.0029520198546456617,5.3896262153085014e-05,0.0019750000000000067,0.0029493007645880823,5.384661858773754e-05,0.0,0.0,0.0,-1.433333333329756e-05,0.0006320294472745965,1.153922617599395e-05
ALA   4,R ALA   4,0.0,0.0,0.0,-7.099999999999984e-05,0.0002568248430350921,4.688958661934783e-06,0.002722333333333326,0.0036986350485310347,6.752752826865542e-05,-0.002211666666666663,0.00364301119344364,6.65119802630966e-05,0.0,0.0,0.0,0.00043966666666665527,0.0006514291127120874,1.1893413988266187e-05
VAL   5,R VAL   5,0.0,0.0,0.0,-0.00020299999999999564,0.00040223251981906375,7.343727482234833e-06,-0.0016570000000000226,0.0032071822004162216,5.85548679065673e-05,0.002385999999999999,0.0031837615069809024,5.812726650300272e-05,0.0,0.0,0.0,0.0005259999999999741,0.0008012432006991514,1.4628632502352142e-05
ASP   6,R ASP   6,0.0,0.0,0.0,-0.0001880000000000021,0.0003907121702737239,7.1333956383572665e-06,-0.09662633333333324,0.12528110541187853,0.0022873095821089474,0.09609200000000002,0.12475363268992763,0.0022776792918329084,0.0,0.0,0.0,-0.000722333333333116,0.0009766786688681596,1.7831631279106987e-05
TRP   7,R TRP   7,0.0,0.0,0.0,-0.0004603333333333574,0.0004984240720065428,9.099936914718756e-06,0.007217999999999986,0.007870354248698048,0.00014369235191895148,-0.008116666666666638,0.007862636679610398,0.00014355144902967115,0.0,0.0,0.0,-0.0013589999999999935,0.0010023899773375128,1.8301053400161598e-05
ARG   8,R ARG   8,0.0,0.0,0.0,-0.00038299999999999624,0.00048611829835955983,8.875265254251917e-06,0.09959466666666719,0.14210781483867185,0.0025945218594969313,-0.09696666666666662,0.14121670187654436,0.0025782524371421823,0.0,0.0,0.0,0.0022450000000007247,0.0014190284234878259,2.5907795909509195e-05
ALA   9,R ALA   9,0.0,0.0,0.0,-6.233333333333339e-05,0.00024175998198396878,4.413913187822075e-06,0.002611333333333327,0.003072936416885697,5.610388644357984e-05,-0.0026786666666666595,0.0030352503832284904,5.541583675234814e-05,0.0,0.0,0.0,-0.00012966666666669636,0.0006414981596925028,1.1712100422054502e-05
ARG  10,R ARG  10,0.0,0.0,0.0,-0.0001446666666666658,0.0003517644413840323,6.422310649141275e-06,0.08474699999999999,0.09663871717726123,0.001764373510878265,-0.08390600000000004,0.09620203305544035,0.0017564007860774106,0.0,0.0,0.0,0.0006963333333333423,0.0008641681292177321,1.5777479261653036e-05
GLY  11,R GLY  11,0.0,0.0,0.0,-6.266666666666615e-05,0.000242362446669352,4.424912637764897e-06,0.0009240000000000046,0.0023978234574991903,4.377806655291121e-05,-0.00047899999999999386,0.0023526351891726338,4.2953045423009504e-05,0.0,0.0,0.0,0.000382333333333346,0.0006414732175928443,1.1711645043700686e-05
ALA  12,R ALA  12,0.0,0.0,0.0,-0.0001630000000000031,0.00036936567247106817,6.743663692682299e-06,-0.0035383333333333243,0.004117426043321506,7.517357075954773e-05,0.00485966666666665,0.004083949055618675,7.45623673821423e-05,0.0,0.0,0.0,0.0011583333333333745,0.0008429692890148591,1.5390443162584337e-05
VAL  13,R VAL  13,0.0,0.0,0.0,-0.0004246666666666695,0.0004942923111771885,9.024501627770303e-06,0.007871666666666666,0.007690244722301643,0.0001404040169046554,-0.004525999999999988,0.007561216216103524,0.0001380482894577919,0.0,0.0,0.0,0.0029210000000000087,0.0011495328036496765,2.0987501571702826e-05
THR  14,R THR  14,0.0,0.0,0.0,-0.00042199999999999654,0.000493878527575349,9.016947007348528e-06,-0.007686000000000094,0.01035149283919958,0.0001889915377294269,0.007828666666666657,0.010577459283253614,0.00019311710168434768,0.0,0.0,0.0,-0.0002793333333334219,0.0017251008344119129,3.149588803261296e-05
ALA  15,R ALA  15,0.0,0.0,0.0,-0.0003026666666666684,0.00045941218481398765,8.387680560511779e-06,-0.007935999999999992,0.009296696761036465,0.00016973368421016287,0.009436999999999961,0.009000298013584505,0.00016432220821030572,0.0,0.0,0.0,0.001198333333333319,0.0016894764146194758,3.084547808866792e-05
VAL  16,R VAL  16,0.0,0.0,0.0,-0.0009026666666666639,0.00047384198022356873,8.651131375378847e-06,0.006031666666666682,0.011973915979698855,0.00021861279612508778,0.0013566666666666692,0.011230707408212845,0.0002050437261406185,0.0,0.0,0.0,0.006485666666666688,0.003065256034258132,5.5963662483066905e-05
LYS  17,R LYS  17,0.0,0.0,0.0,-0.0014476666666666668,0.0007051675135896104,1.2874538467095347e-05,0.08266566666666667,0.16380035578274985,0.0029905716596527955,-0.06921066666666652,0.16434917590166237,0.003000591698290831,0.0,0.0,0.0,0.012007333333333309,0.007472613078583438,0.00013643062488827577
ASP  18,R ASP  18,0.0,0.0,0.0,-0.0015649999999999991,0.0007486265201464548,1.3667987741026967e-05,-0.02463699999999988,0.20341778494271295,0.00371388364702862,0.03497133333333342,0.2007908028559964,0.003665921735460065,0.0,0.0,0.0,0.008769333333333665,0.004199141922927558,7.666549177843477e-05
GLN  19,R GLN  19,0.0,0.0,0.0,-0.024013333333333317,0.015400405478067421,0.0002811716491687886,-0.05515066666666665,0.059292112737605256,0.0010825209209508594,0.08683066666666676,0.05873213197409225,0.0010722971177526915,-7.831200000000003e-05,0.0006111571094374995,1.1158151167285731e-05,0.007588354666666648,0.018829940181387617,0.0003437860997939639
GLY  20,R GLY  20,0.0,0.0,0.0,-0.00224166666666665,0.0012079999540103286,2.2054960809222005e-05,0.004234666666666679,0.03776094452679316,0.0006894173703341952,0.004538999999999996,0.038589659396441,0.000704547564595731,0.0,0.0,0.0,0.006531999999999999,0.002427682571232612,4.4323216890874796e-05
GLN  21,R GLN  21,0.0,0.0,0.0,-0.005949333333333335,0.003885369938056815,7.093682531087226e-05,0.01784099999999999,0.03977223133879556,0.0007261382755524074,0.005346333333333315,0.04025890857796431,0.000735023745622976,0.0,0.0,0.0,0.01723799999999998,0.005459977655631772,9.968509751545652e-05
CYX  22,R CYX  22,0.0,0.0,0.0,-0.02127033333333328,0.015656689301665586,0.0002858507302124016,-0.023345333333333343,0.03583936492492882,0.0006543342872014319,0.04519833333333355,0.049145854323861496,0.0008972764340347247,0.0,0.0,0.0,0.0005826666666666752,0.03912764367497187,0.0007143697687602142
GLY  23,R GLY  23,0.0,0.0,0.0,-0.17980633333333285,0.20677878717739834,0.003775246871687369,0.027619999999999974,0.3388067250414802,0.0061857361979889705,0.1705266666666667,0.32248368220561013,0.0058877195723780005,-0.03068894880000007,0.04076470033858133,0.0007442581975126492,-0.012348615466666667,0.19654464138188324,0.0035883977880540262
SER  24,R SER  24,0.0,0.0,0.0,-0.07540733333333348,0.05658677772138016,0.0010331284871510232,-0.045503999999999975,0.05835841542285621,0.001065474018245191,0.06323133333333354,0.04197183760041418,0.0007662974077896783,-7.063200000000001e-06,0.00017527497164672426,3.2000685245663095e-06,-0.05768706319999999,0.10811825331504861,0.0019739602072903276
CYS  25,R CYS  25,0.0,0.0,0.0,-0.42617433333333393,0.24289993126365653,0.0044347257189853,-0.11293366666666659,0.17492776013702221,0.0031937293386966686,0.1928360000000001,0.13957766453603282,0.0025483278463424674,-0.040101386400000036,0.02464398552387442,0.0004499355592752263,-0.3863733864000005,0.22159776277939316,0.0040458031122317445
TRP  26,R TRP  26,0.0,0.0,0.0,-0.6924703333333331,0.3956256847744115,0.0072231037293124445,-0.11833799999999994,0.292704360101907,0.005344026023597653,0.16840799999999972,0.25172901607879816,0.004595922016164614,-0.0340506815999996,0.026910657908249012,0.0004913191457884258,-0.6764510149333347,0.41485196478455655,0.007574125971261347
ALA  27,R ALA  27,0.0,0.0,0.0,-0.027079333333333556,0.01006272194234118,0.00018371932659074877,-0.02971166666666673,0.037682965168480076,0.0006879936685486,0.02104333333333331,0.04045953685130634,0.0007386866999890675,0.0,0.0,0.0,-0.03574766666666673,0.025268676153600598,0.00046134079758733073
PHE  28,R PHE  28,0.0,0.0,0.0,-0.017292999999999926,0.006493110528347444,0.00011854743682500607,0.021980666666666666,0.04148668412340944,0.0007574397576827596,-0.018634333333333326,0.04069586327735151,0.000743001410471718,0.0,0.0,0.0,-0.013946666666666715,0.010503641696520719,0.00019176938310454098
SER  29,R SER  29,0.0,0.0,0.0,-0.03834666666666689,0.016165863897593797,0.0002951469439423502,0.03757633333333338,0.07400113179239583,0.00135106963878693,0.010342666666666674,0.07905142996527999,0.0014432750465007893,0.0,0.0,0.0,0.00957233333333334,0.03067236706258956,0.0005599982444086257
ALA  30,R ALA  30,0.0,0.0,0.0,-0.01173933333333324,0.0031145978160199896,5.6864516046349116e-05,0.025784333333333413,0.03060733824682486,0.0005588109860992199,-0.021939666666666652,0.03159305872955144,0.0005768076975586943,0.0,0.0,0.0,-0.007894666666666682,0.007225296180011548,0.00013191525674827441
ILE  31,R ILE  31,0.0,0.0,0.0,-0.00421133333333329,0.0010039944665629107,1.8330347231562414e-05,0.009834666666666658,0.016913150649387892,0.00030879047097176325,-0.00543266666666666,0.016536609876943418,0.000301915808475488,0.0,0.0,0.0,0.00019066666666666022,0.0037092199838899805,6.772078186418304e-05
GLY  32,R GLY  32,0.0,0.0,0.0,-0.0014449999999999966,0.0005288115606401017,9.654734014403159e-06,0.024589666666666735,0.023795530950626427,0.0004344449689823481,-0.011978333333333336,0.022781349035754822,0.00041592862524271603,0.0,0.0,0.0,0.011166333333333374,0.0030387497246217106,5.547972569293075e-05
ASN  33,R ASN  33,0.0,0.0,0.0,-0.0029543333333333357,0.000648265292059568,1.183565079029e-05,0.02436066666666655,0.023431871163486405,0.0004278054800265442,-0.0054723333333333395,0.024948879090830635,0.00045550212875056397,0.0,0.0,0.0,0.015933999999999785,0.004383869371533233,8.003813813149159e-05
VAL  34,R VAL  34,0.0,0.0,0.0,-0.001388666666666664,0.0004949123379167675,9.035821715487763e-06,0.010716333333333352,0.011146323753696563,0.00020350309843850882,-0.005168999999999997,0.010800298097737743,0.00019718556319703656,0.0,0.0,0.0,0.004158666666666695,0.0018995152598023314,3.4680245203967435e-05
GLU  35,R GLU  35,0.0,0.0,0.0,-0.0008596666666666731,0.0003767933415311192,6.879273755811404e-06,-0.14588133333333328,0.1778858077107021,0.003247735651439265,0.14246766666666655,0.18040748216529798,0.003293774917488155,0.0,0.0,0.0,-0.004273333333333556,0.0057628657994284295,0.0001052150531407331
CYS  36,R CYS  36,0.0,0.0,0.0,-0.0005003333333333361,0.0004999998888888686,9.128707263150333e-06,0.009464999999999958,0.009579184464243282,0.00017489118045230283,-0.006391666666666681,0.00908780853060229,0.00016591992434995841,0.0,0.0,0.0,0.002573000000000009,0.0016617273141724391,3.0338851146490633e-05
GLN  37,R GLN  37,0.0,0.0,0.0,-0.0007413333333333563,0.0004386626139630332,8.008846960057798e-06,0.02298566666666672,0.02211399544531843,0.0004037444713989135,-0.014501333333333252,0.021490788683113125,0.00039236632467726007,0.0,0.0,0.0,0.0077429999999999236,0.001853002338548912,3.3831039331102125e-05
TRP  38,R TRP  38,0.0,0.0,0.0,-0.00037366666666665795,0.00048377669320553296,8.832513588797555e-06,0.0033619999999999943,0.004996961343323196,9.12316148906477e-05,-0.003756666666666669,0.004922003882792237,8.98630851577774e-05,0.0,0.0,0.0,-0.0007683333333333637,0.0008213792600795698,1.4996264967082765e-05
PHE  39,R PHE  39,0.0,0.0,0.0,-0.0001889999999999996,0.00039150862059474497,7.147936765249115e-06,0.005091999999999988,0.0055426410070771375,0.00010119431692430998,-0.0045416666666666565,0.005444532170495051,9.940310282809009e-05,0.0,0.0,0.0,0.00036133333333333926,0.0007694835208689112,1.4048782733613329e-05
LEU  40,R LEU  40,0.0,0.0,0.0,-0.0002419999999999962,0.0004282942913464938,7.819548154038811e-06,0.005678333333333342,0.005717942277505847,0.00010439486559674721,-0.005169333333333332,0.005672388640501381,0.00010356317377795562,0.0,0.0,0.0,0.00026700000000002026,0.0007748404136766492,1.4146585767911173e-05
ALA  41,R ALA  41,0.0,0.0,0.0,-9.033333333333304e-05,0.00028665872082010973,5.233648256624997e-06,0.003037000000000011,0.003374161278500656,6.160347482984267e-05,-0.003001333333333329,0.0033361651970821218,6.090976446685154e-05,0.0,0.0,0.0,-5.466666666663504e-05,0.000648854032549345,1.1846399671848917e-05
GLY  42,R GLY  42,0.0,0.0,0.0,-4.099999999999987e-05,0.00019829019138626027,3.6202670251423778e-06,0.002716333333333317,0.0030001999748164917,5.4775906774447457e-05,-0.002595000000000003,0.0029677671179973784,5.4183766531642006e-05,0.0,0.0,0.0,8.033333333330598e-05,0.0006163439696215741,1.12528498448005e-05
HID  43,R HID  43,0.0,0.0,0.0,-0.00011133333333332825,0.0003145444677978189,5.742770011710758e-06,0.0018506666666666574,0.00348458982123034,6.361961495802504e-05,-0.001625333333333336,0.003400827088943059,6.209032369295804e-05,0.0,0.0,0.0,0.00011399999999990839,0.0006590427401417243,1.2032419171187927e-05
PRO  44,R PRO  44,0.0,0.0,0.0,-6.566666666666698e-05,0.00024769851746741654,4.522335515916381e-06,-0.0035983333333333314,0.0035209369807229014,6.428322026320218e-05,0.003538999999999995,0.0034966382426553405,6.383958803125175e-05,0.0,0.0,0.0,-0.00012500000000001304,0.0006475916923494971,1.1823352598425507e-05
LEU  45,R LEU  45,0.0,0.0,0.0,-0.00017066666666666912,0.0003762174312223707,6.868759120238027e-06,0.004110333333333327,0.004591676515415876,8.383216014199977e-05,-0.0033233333333333296,0.004490893254378456,8.199211795902888e-05,0.0,0.0,0.0,0.00061633333333334,0.0007310721958572482,1.3347491094528322e-05
THR  46,R THR  46,0.0,0.0,0.0,-0.00017833333333333015,0.0003827930975808601,6.988813813410443e-06,-0.003847000000000094,0.004255066509468443,7.768653036402119e-05,0.005073666666666665,0.004261092178720787,7.779654352980699e-05,0.0,0.0,0.0,0.0010483333333332597,0.0008710131393318144,1.5902451476514165e-05
ASN  47,R ASN  47,0.0,0.0,0.0,-0.0003089999999999955,0.0004620811617021375,8.436409188748432e-06,0.002607000000000023,0.011002024859088464,0.00020086857311851162,0.0021219999999999937,0.011722589986858656,0.00021402423227288915,0.0,0.0,0.0,0.004420000000000108,0.0021889723616346237,3.996498467408798e-05
LEU  48,R LEU  48,0.0,0.0,0.0,-0.0007150000000000146,0.0004521522604904869,8.255133083253053e-06,0.00025566666666664993,0.006444142137545448,0.00011765340041677335,0.003857333333333319,0.006774878563897354,0.00012369179379349284,0.0,0.0,0.0,0.0033979999999999306,0.0012480368584300817,2.278593133200124e-05
SER  49,R SER  49,0.0,0.0,0.0,-0.0008236666666666464,0.000407316284422214,7.436543900574556e-06,-0.011520333333333285,0.010746794245520783,0.0001962087209712815,0.01684133333333348,0.01005615026847834,0.00018359934479024063,0.0,0.0,0.0,0.004497333333333362,0.0027843598107205724,5.0835222551415736e-05
GLH  50,R GLH  50,0.0,0.0,0.0,-0.0037886666666666754,0.0012532643598043378,2.2881372012736886e-05,-8.80000000000128e-05,0.013784469134984309,0.000251668822948821,0.016991000000000027,0.014564714861609629,0.0002659140957778109,0.0,0.0,0.0,0.013114333333333323,0.004292232661706964,7.836508836257816e-05
GLN  51,R GLN  51,0.0,0.0,0.0,-0.001933333333333326,0.000596843549200401,1.0896822506616801e-05,-0.001254333333333316,0.014072040170336126,0.00025691912771373123,0.007079666666666649,0.013016911559796202,0.0002376552030116712,0.0,0.0,0.0,0.0038920000000000694,0.004257581786256818,7.773245282519992e-05
MET  52,R MET  52,0.0,0.0,0.0,-0.0016976666666666494,0.0005205073379778921,9.503120345248564e-06,0.004730999999999999,0.010765901680769685,0.00019655757341467795,0.0014143333333333293,0.012064548391418779,0.00022026751000309104,0.0,0.0,0.0,0.004447666666666664,0.002780394676220528,5.076282943110853e-05
LEU  53,R LEU  53,0.0,0.0,0.0,-0.00810933333333329,0.0018905148034921292,3.4515920105669516e-05,0.01074566666666666,0.030557513771393215,0.0005579013197955608,0.004572333333333329,0.03901599801648332,0.0007123314072401577,0.0,0.0,0.0,0.007208666666666693,0.010812853071948946,0.00019741478461651562
VAL  54,R VAL  54,0.0,0.0,0.0,-0.009285333333333251,0.003055909829967203,5.579302491916046e-05,0.00400733333333337,0.02534679360830919,0.00046276702065662354,0.004113666666666757,0.02988191336838296,0.0005455666004426175,0.0,0.0,0.0,-0.0011643333333332926,0.008279170322092792,0.00015115627809458447
SER  55,R SER  55,0.0,0.0,0.0,-0.0015993333333333356,0.0005693266978536112,1.0394435833478363e-05,0.0070273333333333125,0.011417585247717174,0.0002084556330804302,-0.003558333333333341,0.009170492383484946,0.00016742951806213402,0.0,0.0,0.0,0.0018696666666666343,0.004798542822797616,8.76090049066923e-05
CYX  56,R CYX  56,0.0,0.0,0.0,-0.0018113333333333295,0.000574228371140032,1.0483927734428135e-05,0.0012916666666666632,0.010677949111239555,0.00019495178653727147,0.003678666666666658,0.010655237126512972,0.00019453712432525606,0.0,0.0,0.0,0.0031590000000000394,0.0018028825992467065,3.2915982271365584e-05
ASP  57,R ASP  57,0.0,0.0,0.0,-0.014483666666666757,0.006127076509686462,0.00011186460053050985,-0.07902733333333324,0.4272122125902089,0.007799792189244998,0.1657186666666669,0.42978399324725386,0.00784674626520563,-2.2063200000000006e-05,0.001144895502308294,2.0902836420015355e-05,0.07218560346666682,0.023533775010591895,0.00042966598121841866
LYS  58,R LYS  58,0.0,0.0,0.0,-0.013797333333333491,0.01994244032765835,0.0003640974806386398,0.08194433333333273,0.39767064500817967,0.007260439424286972,-0.020058999999999976,0.40418857832988475,0.007379440061240721,-0.0009576144000000003,0.010209151147810118,0.00018639274588784532,0.047130385599999956,0.055854433894663096,0.0010197577793596036
THR  59,R THR  59,0.0,0.0,0.0,-0.034024333333333774,0.03533887011807522,0.000645196544013835,0.0349323333333334,0.09149156111115128,0.0016703997280646658,0.0016553333333333843,0.07735078455682004,0.0014122256514164193,-0.0009712704000000001,0.009421577885760108,0.0001720136911774214,0.0015920629333333646,0.03305603993519218,0.0006035179578098789
ASP  60,R ASP  60,0.0,0.0,0.0,-0.015444333333333622,0.03233972120920207,0.000590439826990274,-0.1416186666666668,0.4724289744694148,0.008625333537864356,0.2046320000000003,0.5246468646394463,0.00957869741624614,-0.0007683527999999995,0.009820708671537514,0.00017930078900292297,0.04680064720000011,0.052353000518572126,0.0009558306445700538
SER  61,R SER  61,0.0,0.0,0.0,-0.017980333333333508,0.016284285263883612,0.000297309012395934,-0.012079333333333338,0.040994061027855744,0.0007484457316233336,0.007489666666666653,0.049081611219364794,0.0008961035207848246,0.0,0.0,0.0,-0.022570000000000014,0.037038760328426415,0.00067623215113022
GLY  62,R GLY  62,0.0,0.0,0.0,-0.016069333333333383,0.009125158969696035,0.0001666018469507706,-0.0028436666666666745,0.04876542381533141,0.0008903307549985552,0.027754333333333346,0.04984709935949687,0.000910079358179925,0.0,0.0,0.0,0.008841333333333335,0.014793201982292161,0.00027008568078105185
CYX  63,R CYX  63,0.0,0.0,0.0,-0.09921100000000019,0.10528173225050338,0.0019221726548939947,0.009722333333333324,0.18763476552748853,0.0034257264550532733,0.09648,0.2066487219091053,0.003772872215640967,-0.0023768447999999998,0.006620687775407701,0.00012087666802631649,0.004614488533333394,0.08773950217204597,0.0016018968174634366
SER  64,R SER  64,0.0,0.0,0.0,-0.6002203333333344,0.33116105717090977,0.006046146039325508,-0.14009000000000008,0.7479576364340428,0.01365577565110577,0.5491776666666667,0.4554961493813338,0.008316183862429978,-0.12547769520000004,0.07642558245913132,0.001395333849444579,-0.3166103618666666,0.45044956624389487,0.008224046281673295
GLY  65,R GLY  65,0.0,0.0,0.0,-0.8297030000000012,0.4640620951169486,0.008472575919288692,-0.795315333333333,0.628394422767174,0.011472860012000638,1.1868953333333307,0.6603929383669226,0.012057070305356079,-0.1362147384000001,0.07361081112771431,0.0013439433910300473,-0.5743377383999995,0.5327840659871826,0.009727261707350028
GLY  66,R GLY  66,0.0,0.0,0.0,-1.3851599999999986,0.40011879702575964,0.007305136360427984,-0.4429146666666655,0.45626996254216035,0.008330311693212614,1.323919000000001,0.3979946412189385,0.007266354758726267,-0.18520316639999965,0.04361332570934478,0.0007962667432942712,-0.6893588330666656,0.5489268569033398,0.01002198739821232
LEU  67,R LEU  67,0.0,0.0,0.0,-2.128276666666666,0.6248447530831605,0.011408052206746422,0.13842466666666656,0.2191608807662132,0.004001311937278502,0.17956499999999861,0.21621638183773353,0.003947552987822565,-0.32538377999999946,0.07724226148361243,0.0014102443002428995,-2.135670779999999,0.6608557351290228,0.012065519779560835
MET  68,R MET  68,0.0,0.0,0.0,-0.45938,0.16201898736465004,0.00295804847079211,-0.08999399999999999,0.13916331400193094,0.0025407628752010703,0.0005650000000000171,0.09297488428781894,0.0016974813801957024,-0.017652947999999988,0.009985945660313683,0.0001823175898724875,-0.5664619479999988,0.22263845216823658,0.004064803414019271
ASN  69,R ASN  69,0.0,0.0,0.0,-0.04299466666666726,0.01938007494538821,0.0003538301404576607,0.014465666666666507,0.09921862134308386,0.0018114759011390183,0.07375599999999997,0.11401572024944659,0.0020816327296940148,-4.571520000000009e-05,0.0009178568537680381,1.6757696778982503e-05,0.04518128479999977,0.029471400273906035,0.0005380716910427422
ASN  70,R ASN  70,0.0,0.0,0.0,-0.08809633333333343,0.06624103249916566,0.0012093902577408613,0.03729233333333342,0.1621001219654764,0.002959529779161003,0.16393466666666595,0.19599457066856704,0.003578354916790485,-0.00713324159999999,0.02351968093009829,0.0004294086596912973,0.10599742506666707,0.05646507082330315,0.001030906433368331
ALA  71,R ALA  71,0.0,0.0,0.0,-0.015356000000000055,0.0043026267945677705,7.855485839703047e-05,0.03775499999999988,0.04906316651351944,0.0008957667680695564,-0.020390666666666696,0.05410975925119439,0.0009879045241017671,0.0,0.0,0.0,0.0020083333333333502,0.008448407969684163,0.00015424612066674792
PHE  72,R PHE  72,0.0,0.0,0.0,-0.010835999999999959,0.0020303786182223407,3.7069472315884856e-05,0.016265333333333278,0.023380667189415737,0.00042687062763879704,-0.02333900000000004,0.020745041471798936,0.00037875090568281495,0.0,0.0,0.0,-0.017909666666666667,0.007343535017657053,0.00013407399269999554
GLU  73,R GLU  73,0.0,0.0,0.0,-0.005363333333333273,0.0019061275461580486,3.480096848375776e-05,-0.10839533333333334,0.17247302314146254,0.0031489121778563185,0.12649800000000036,0.17099568609373333,0.003121939816987006,0.0,0.0,0.0,0.012739333333333354,0.007729902083611714,0.00014112805795001067
TRP  74,R TRP  74,0.0,0.0,0.0,-0.006177666666666639,0.0020845705926056425,3.805887787606741e-05,0.010845000000000026,0.01245660367034292,0.0002274254273382821,-0.0017123333333333355,0.012543852992158632,0.00022901837472779854,0.0,0.0,0.0,0.0029550000000000257,0.003089062694950248,5.6398310652398355e-05
ILE  75,R ILE  75,0.0,0.0,0.0,-0.002331000000000007,0.000590004802240268,1.0771964640778979e-05,0.012323999999999962,0.014822494976667551,0.0002706204952409276,-0.009519999999999963,0.014511613739806231,0.00026494460636979257,0.0,0.0,0.0,0.00047300000000000965,0.001882003630885587,3.436052806475541e-05
VAL  76,R VAL  76,0.0,0.0,0.0,-0.0010106666666666632,0.00038972582955479335,7.115387602985795e-06,0.007350333333333358,0.00904807161161366,0.00016519443078676413,-0.005395666666666666,0.008936504605020601,0.00016315750524728591,0.0,0.0,0.0,0.0009439999999999789,0.0012464071031034205,2.275617620681369e-05
GLN  77,R GLN  77,0.0,0.0,0.0,-0.0012506666666666564,0.0005395982044283593,9.851670285156546e-06,0.009699333333333329,0.01805490513837038,0.000329635960596713,-0.0023119999999999977,0.01851140160369652,0.00033797040764606306,0.0,0.0,0.0,0.006136666666666706,0.0023342355398622795,4.261711532376066e-05
GLU  78,R GLU  78,0.0,0.0,0.0,-0.0010806666666666632,0.000490740483577856,8.959654424552841e-06,-0.07091066666666626,0.12597258439658876,0.002299934203374499,0.08062966666666681,0.12575667187027867,0.002295992198004234,0.0,0.0,0.0,0.008638333333333444,0.002911505433429752,5.31565734062777e-05
ASN  79,R ASN  79,0.0,0.0,0.0,-0.0006223333333333348,0.00048754612317420976,8.901333649556896e-06,0.006729666666666641,0.009629326035029254,0.00017580663609857678,-0.0016653333333333266,0.009905890413733106,0.00018085598772586014,0.0,0.0,0.0,0.0044419999999996945,0.0017156056267879983,3.132253005248586e-05
ASN  80,R ASN  80,0.0,0.0,0.0,-0.00027266666666666574,0.00044533083831636546,8.13059152328531e-06,0.0016843333333332992,0.004927340853735393,8.996052447025459e-05,-0.00013966666666667126,0.004893617600734908,8.934482492422729e-05,0.0,0.0,0.0,0.0012719999999999275,0.0009929833835465906,1.8129313279875727e-05
GLY  81,R GLY  81,0.0,0.0,0.0,-0.00025433333333333536,0.0004354858079075517,7.950846682144256e-06,-0.0016636666666666612,0.005073251411953588,9.262447460739715e-05,0.0030069999999999967,0.004996694007041045,9.122673402024192e-05,0.0,0.0,0.0,0.0010890000000000088,0.000799841025871183,1.4603032409590669e-05
ALA  82,R ALA  82,0.0,0.0,0.0,-0.0002789999999999953,0.0004485075250204787,8.188589622150963e-06,-0.004392666666666662,0.005664845942791027,0.00010342546358860883,0.006148333333333334,0.00559955330559703,0.00010223338858093706,0.0,0.0,0.0,0.0014766666666666817,0.0008710848918956538,1.5903761493106622e-05
VAL  83,R VAL  83,0.0,0.0,0.0,-0.0006576666666666658,0.0004744904869670169,8.662971434448205e-06,0.004090333333333371,0.005419671566514793,9.894921237498373e-05,-0.0012943333333333333,0.005488749209873655,0.0001002103918245486,0.0,0.0,0.0,0.0021383333333333276,0.0009800666077137417,1.7893486296746096e-05
TYR  84,R TYR  84,0.0,0.0,0.0,-0.0004996666666666679,0.0004999998888888741,9.128707263150433e-06,-0.007115999999999974,0.008654471522475123,0.00015800830920485674,0.0061603333333333146,0.008515473752071682,0.00015547056872842715,0.0,0.0,0.0,-0.0014553333333333315,0.0009398607461864722,1.715943105333228e-05
THR  85,R THR  85,0.0,0.0,0.0,-0.00019666666666666351,0.0003974781615244849,7.256925172754746e-06,0.001768333333333357,0.005320964563769323,9.714707730873646e-05,-6.866666666666567e-05,0.005114484485806514,9.337728409621461e-05,0.0,0.0,0.0,0.001503000000000045,0.001018818433284371,1.860099459706407e-05
GLU  86,R GLU  86,0.0,0.0,0.0,-0.00047300000000000033,0.0004992704677827357,9.115389916692021e-06,-0.08609233333333315,0.14960941082662202,0.0027314816374932834,0.08702966666666688,0.15037407839525438,0.0027454424933710357,0.0,0.0,0.0,0.0004643333333337694,0.0022316050775667974,4.074334801421336e-05
ASP  87,R ASP  87,0.0,0.0,0.0,-0.00013099999999999912,0.0003374003556607466,6.160059523521892e-06,-0.05548533333333326,0.08382336459219215,0.001530398254437449,0.05465233333333327,0.08345381234284997,0.0015236511843327329,0.0,0.0,0.0,-0.0009639999999998424,0.0008033496540524696,1.4667090902950301e-05
SER  88,R SER  88,0.0,0.0,0.0,-0.00011499999999999796,0.00031902194281897925,5.824517147369273e-06,0.002827666666666652,0.00458700714579296,8.374690950627308e-05,-0.001798000000000001,0.004440780261770829,8.107718407651931e-05,0.0,0.0,0.0,0.0009146666666666583,0.0007933378151133881,1.4484300568648852e-05
TYR  89,R TYR  89,0.0,0.0,0.0,-0.0006673333333333162,0.00047116828793491875,8.602316656101473e-06,-0.005098333333333329,0.0077961527192726525,0.00014233762353669575,0.004804333333333329,0.007724509556527806,0.00014102960432581688,0.0,0.0,0.0,-0.000961333333333338,0.0010461858768349662,1.9100653469527747e-05
PRO  90,R PRO  90,0.0,0.0,0.0,-0.00031699999999999366,0.0004653074252577473,8.495312432943909e-06,0.0012983333333333276,0.006188806876576072,0.00011299163767812683,-4.9666666666670004e-05,0.0060366546935275945,0.00011021373158381662,0.0,0.0,0.0,0.000931666666666611,0.0008742600045498777,1.5961730853884572e-05
TYR  91,R TYR  91,0.0,0.0,0.0,-0.0036653333333333256,0.0014507463213425278,2.6486882847231363e-05,0.0008963333333332895,0.008616974714029396,0.0001573237142775176,-0.0019503333333333297,0.008630673972652566,0.0001575738273764845,0.0,0.0,0.0,-0.004719333333333333,0.002977341021037918,5.4358561286931034e-05
ALA  92,R ALA  92,0.0,0.0,0.0,-0.0005703333333333296,0.0004950285064743273,9.037942653469375e-06,0.0038939999999999895,0.00728762174283675,0.0001330531606372267,0.001370999999999991,0.007255849984667576,0.00013247309034919815,0.0,0.0,0.0,0.004694666666666644,0.002106522779896349,3.845966814825734e-05
SER  93,R SER  93,0.0,0.0,0.0,-0.002168999999999997,0.0008685844806349908,1.5858110438089788e-05,0.006106999999999972,0.010261427012522849,0.00018734716823172036,-0.001328666666666668,0.011219832658684719,0.0002048451812864927,0.0,0.0,0.0,0.002609333333333288,0.0044970412001176345,8.210436357781774e-05
GLY  94,R GLY  94,0.0,0.0,0.0,-0.001192666666666668,0.0006714756552217761,1.2259412106017611e-05,0.008420333333333327,0.011178684473387612,0.0002040939216435718,-0.00910233333333332,0.010966700866208108,0.00020022364819445416,0.0,0.0,0.0,-0.001874666666666657,0.003151448062223017,5.7537306416183024e-05
GLU  95,R GLU  95,0.0,0.0,0.0,-0.0012789999999999796,0.0006859244370434287,1.2523209563757268e-05,0.040148666666666465,0.10854607269828914,0.001981771084848287,-0.0321603333333336,0.10872062343405234,0.001984957930695175,0.0,0.0,0.0,0.006709333333332992,0.0027677029384588583,5.053111106224164e-05
GLY  96,R GLY  96,0.0,0.0,0.0,-0.002124999999999983,0.00133692744754532,2.4408844025612548e-05,0.008467999999999995,0.01874706135193813,0.00034227294631299364,0.003539333333333358,0.017609139281129626,0.00032149742675083336,0.0,0.0,0.0,0.009882333333333333,0.004499683828399009,8.21526111485114e-05
ILE  97,R ILE  97,0.0,0.0,0.0,-0.0020783333333333175,0.0010665507749543035,1.9472463938902933e-05,-0.0012799999999999739,0.012446938043818887,0.000227248957948961,0.006768333333333342,0.013561022474561283,0.0002475892637383914,0.0,0.0,0.0,0.0034100000000000207,0.002199674218302892,4.016037295090123e-05
SER  98,R SER  98,0.0,0.0,0.0,-0.0018553333333333397,0.0007774348132730293,1.4193952807315163e-05,-0.0007363333333333336,0.009001452469216058,0.00016434328559000706,0.006144999999999986,0.009915105059117264,0.0001810242233637373,0.0,0.0,0.0,0.0035533333333333827,0.003504067477787643,6.397522668681748e-05
PRO  99,R PRO  99,0.0,0.0,0.0,-0.0007720000000000002,0.00045020291721249137,8.219543107063744e-06,-0.0006123333333333364,0.011162140530481672,0.0002037918719529164,-5.100000000000519e-05,0.011013192044089634,0.0002010724570894774,0.0,0.0,0.0,-0.001435333333333182,0.001299673634246429,2.372868556238293e-05
PRO 100,R PRO 100,0.0,0.0,0.0,-0.0004386666666666644,0.0004962239637726249,9.0597686177631e-06,-0.0011320000000000071,0.009027471554464586,0.00016481832692054934,0.0022623333333333397,0.008855479352104897,0.0001616781932889695,0.0,0.0,0.0,0.0006916666666666475,0.0008644442659238918,1.5782520805083662e-05
CYX 101,R CYX 101,0.0,0.0,0.0,-0.0005346666666666654,0.0004994646022381088,9.11893431070525e-06,0.0017436666666666586,0.005326470991399672,9.724761046288353e-05,0.0002743333333333287,0.005300730253674684,9.677765103959018e-05,0.0,0.0,0.0,0.0014833333333333111,0.000885657320236746,1.616981641710808e-05
THR 102,R THR 102,0.0,0.0,0.0,-0.00027833333333333307,0.00044817841189518563,8.18258086606116e-06,-0.0014833333333333556,0.0049775886620821485,9.087791974014508e-05,0.0027006666666666685,0.004969010587855706,9.072130624835254e-05,0.0,0.0,0.0,0.0009389999999999778,0.0009066121919909762,1.6552398282088736e-05
THR 103,R THR 103,0.0,0.0,0.0,-0.00024766666666666844,0.0004316571427520837,7.880945139784794e-06,-0.00037866666666668653,0.0027265261577488474,4.977932934089775e-05,0.0007453333333333333,0.002763176593866012,5.0448471694356855e-05,0.0,0.0,0.0,0.0001189999999999897,0.0008174180896782772,1.4923944220985773e-05
SER 104,R SER 104,0.0,0.0,0.0,-7.833333333333325e-05,0.0002686954078919509,4.905684533349105e-06,-0.0008016666666666641,0.0031680168174357307,5.783980911550918e-05,0.0007640000000000002,0.0031485929132444657,5.748517876616334e-05,0.0,0.0,0.0,-0.00011600000000003518,0.000624935196640405,1.1409703472629216e-05
GLY 105,R GLY 105,0.0,0.0,0.0,-4.366666666666613e-05,0.00020435236452972055,3.7309466577482175e-06,0.00022333333333334485,0.001591054856237095,2.904855449963987e-05,-0.00020199999999999447,0.0015913922625592207,2.9054714668095638e-05,0.0,0.0,0.0,-2.2333333333313555e-05,0.0006168478112324065,1.1262048691989253e-05
HID 106,R HID 106,0.0,0.0,0.0,-0.00020400000000000507,0.00040296898143654816,7.357173370255932e-06,0.002212666666666665,0.006343876802783044,0.00011582281423060083,-0.0017896666666666586,0.006199577395991481,0.00011318827955945573,0.0,0.0,0.0,0.00021899999999997128,0.0007653140967384831,1.3972659812011935e-05
THR 107,R THR 107,0.0,0.0,0.0,-0.00010166666666666724,0.00030220945642973586,5.517564545931366e-06,-0.0018476666666666511,0.0028551347701212897,5.212739061042524e-05,0.0017799999999999895,0.0028278849575846163,5.162987937662114e-05,0.0,0.0,0.0,-0.00016933333333337064,0.0006537019368353412,1.1934909889651121e-05
VAL 108,R VAL 108,0.0,0.0,0.0,-0.00013233333333333405,0.0003388528031789365,6.186577465832059e-06,0.0029616666666667053,0.0029576224497990964,5.3998551077955194e-05,-0.00224733333333333,0.0029508461310087048,5.387483298934374e-05,0.0,0.0,0.0,0.0005820000000000372,0.0006985289304435519,1.275333507579635e-05
GLY 109,R GLY 109,0.0,0.0,0.0,-7.599999999999922e-05,0.00026499811320082747,4.838181476546691e-06,0.002757000000000005,0.0037472591316854704,6.841527850804513e-05,-0.0017059999999999983,0.0037308931906448457,6.811647867195347e-05,0.0,0.0,0.0,0.0009750000000000057,0.0006993151411678652,1.276768925408498e-05
ALA 110,R ALA 110,0.0,0.0,0.0,-0.00017599999999999994,0.00038082016753318056,6.952793203693982e-06,0.001424333333333329,0.0030889493179540577,5.6396240681121165e-05,-0.0008156666666666667,0.0030340876534617318,5.539460830829693e-05,0.0,0.0,0.0,0.00043266666666667364,0.0007399096040883717,1.3508839355797262e-05
THR 111,R THR 111,0.0,0.0,0.0,-0.00022533333333332842,0.00041780165416404843,7.627979684954051e-06,0.002537333333333333,0.003245089555346949,5.9246958352931106e-05,-0.0007293333333333288,0.0032481901969490176,5.9303568064537505e-05,0.0,0.0,0.0,0.0015826666666667133,0.0008693865014415492,1.58727532676678e-05
ILE 112,R ILE 112,0.0,0.0,0.0,-0.0008760000000000042,0.0003650899432559388,6.665599914651959e-06,0.005885333333333335,0.007292383119087735,0.00013314009107647448,-0.0037529999999999925,0.007374233813307892,0.0001346344734622024,0.0,0.0,0.0,0.001256333333333321,0.0008330425492667919,1.5209206519834352e-05
THR 113,R THR 113,0.0,0.0,0.0,-0.0003173333333333327,0.00046543838355779304,8.497703393444829e-06,0.0023013333333333002,0.005036983047640992,9.1962307898803e-05,-0.00017399999999999127,0.00489009788586419,8.9280564016538e-05,0.0,0.0,0.0,0.001809999999999908,0.001204948131663877,2.1999242411200343e-05
GLY 114,R GLY 114,0.0,0.0,0.0,-0.000471,0.0004991582915268366,9.113341867832941e-06,-0.0038780000000000195,0.006820981063356383,0.00012453350642386218,0.006965000000000029,0.006861713221443493,0.00012527717048386807,0.0,0.0,0.0,0.0026159999999999725,0.001162415875092352,2.122271319967296e-05
HIE 115,R HIE 115,0.0,0.0,0.0,-0.0042496666666666655,0.0013894842768290957,2.5368396057268285e-05,0.0019859999999999587,0.014691850484764263,0.0002682352640666199,0.010975666666666634,0.013053240002220011,0.0002383184665914895,0.0,0.0,0.0,0.008711999999999909,0.00398242673085972,7.270883180344745e-05
VAL 116,R VAL 116,0.0,0.0,0.0,-0.002626999999999987,0.0008913684236425034,1.6274086422560677e-05,-0.018458666666666717,0.018418259732003926,0.00033626987750692014,0.020089999999999882,0.017463654638515208,0.0003188412527331502,0.0,0.0,0.0,-0.0009956666666666694,0.0035978208064820602,6.568692045238844e-05
GLU 117,R GLU 117,0.0,0.0,0.0,-0.018930333333333483,0.015294557198195618,0.00027923913281682506,-0.15837300000000026,0.4728386770746091,0.008632813649822142,0.28914166666666635,0.4758589954988993,0.008687956867549881,-0.00022392720000000003,0.0024905967514594093,4.547186741411354e-05,0.11161440613333311,0.07707365826622777,0.0014071660407285818
LEU 118,R LEU 118,0.0,0.0,0.0,-0.0051633333333333115,0.002554992933236513,4.6647575459997636e-05,-0.000787666666666678,0.023192798765037846,0.0004234406351763062,0.0160256666666666,0.023371014980574173,0.0004266944032217212,0.0,0.0,0.0,0.010074666666666678,0.0036151198535533374,6.600275639586452e-05
PRO 119,R PRO 119,0.0,0.0,0.0,-0.0029656666666666685,0.0017719540688805376,3.235130714629778e-05,-0.020824333333333247,0.021967555042734208,0.0004010708476713963,0.026679666666666723,0.022010597142184726,0.00040185668529777726,0.0,0.0,0.0,0.0028896666666667057,0.0022248954781941476,4.062084804993927e-05
GLN 120,R GLN 120,0.0,0.0,0.0,-0.020037000000000072,0.0239427016924438,0.0004371319268189529,0.028968000000000056,0.05738067307610359,0.0010476229669537094,0.02029699999999992,0.05947875915820749,0.0010859286027789074,-0.0015228047999999996,0.0084479288615173,0.00015423737338839873,0.027705195200000244,0.0173060163017969,0.0003159631836348765
ASP 121,R ASP 121,0.0,0.0,0.0,-0.001643333333333316,0.0009052378447433199,1.6527306249109188e-05,-0.10110500000000001,0.1296503193529937,0.0023670801499127746,0.10482533333333315,0.1285368876686983,0.002346751761588456,0.0,0.0,0.0,0.00207699999999983,0.00265086231253167,4.839790284713018e-05
GLU 122,R GLU 122,0.0,0.0,0.0,-0.0018043333333333342,0.0007321529135971814,1.3367222210676904e-05,-0.12917633333333337,0.16642541845089515,0.0030384985275930584,0.12408000000000012,0.16530917578888354,0.003018118818071946,0.0,0.0,0.0,-0.0069006666666665455,0.0037988769685556273,6.935768696215869e-05
ALA 123,R ALA 123,0.0,0.0,0.0,-0.0003553333333333363,0.0004786142032530578,8.738259848802074e-06,-0.0020830000000000067,0.0036973113204056994,6.750336041018041e-05,0.002166333333333332,0.003768996314965353,6.881214336201232e-05,0.0,0.0,0.0,-0.0002720000000000093,0.0009777607069216894,1.7851386500773564e-05
GLN 124,R GLN 124,0.0,0.0,0.0,-0.0007949999999999947,0.0005294415296643275,9.666235622573092e-06,-0.0008556666666666738,0.008228821375034305,0.0001502370362928989,0.008769666666666627,0.008969835369478932,0.00016376603896570992,0.0,0.0,0.0,0.007119000000000007,0.0025315684861366124,4.6219905524207564e-05
ILE 125,R ILE 125,0.0,0.0,0.0,-0.0029603333333333157,0.001214122408253196,2.2166741019092395e-05,0.003010333333333349,0.006560860707424119,0.00011978438020351639,0.0030593333333333314,0.007136839605564627,0.00013030026804213395,0.0,0.0,0.0,0.0031093333333333368,0.0017328337741655492,3.1637071550576135e-05
ALA 126,R ALA 126,0.0,0.0,0.0,-0.00039199999999999657,0.00048819668167654934,8.913211168447169e-06,-0.0022903333333333304,0.003456304368670223,6.31031956108111e-05,0.000876000000000002,0.003532415226630845,6.449278340334791e-05,0.0,0.0,0.0,-0.001806333333333335,0.001051107299734697,1.919050594743458e-05
ALA 127,R ALA 127,0.0,0.0,0.0,-0.00023233333333333572,0.0004223204417922008,7.710481082171195e-06,0.0015046666666666724,0.0031641710165890642,5.776959471966279e-05,-0.0009216666666666655,0.0031753525613526738,5.797374086282221e-05,0.0,0.0,0.0,0.0003506666666666774,0.0008220094619622905,1.500777082664771e-05
TRP 128,R TRP 128,0.0,0.0,0.0,-0.0013973333333333155,0.0005386336623552955,9.834060236787217e-06,-0.00029399999999999934,0.004116094103232686,7.5149252971818e-05,9.966666666667301e-05,0.0041347793035286734,7.549039649493848e-05,0.0,0.0,0.0,-0.0015916666666666492,0.001395085620630223,2.5470662135675585e-05
LEU 129,R LEU 129,0.0,0.0,0.0,-0.0008323333333333442,0.00040193849723002166,7.338359388753686e-06,0.004289999999999985,0.005293445632729841,9.664465266577801e-05,-0.002265,0.005363218094887907,9.791851771299963e-05,0.0,0.0,0.0,0.0011926666666666902,0.0014381282588451366,2.6256509598503658e-05
ALA 130,R ALA 130,0.0,0.0,0.0,-0.00015366666666667033,0.00036062892593665823,6.584153254145586e-06,0.001825000000000003,0.002639767982228726,4.819534901488566e-05,-0.0025343333333333294,0.00266811192085757,4.871283616673765e-05,0.0,0.0,0.0,-0.0008629999999999925,0.0007993107447461686,1.459335084512435e-05
VAL 131,R VAL 131,0.0,0.0,0.0,-0.0001753333333333336,0.00038025196325010155,6.9424192602568685e-06,0.0025246666666666755,0.0032472642160576996,5.928666204380438e-05,-0.0015079999999999944,0.0031851639413589643,5.8152871334478895e-05,0.0,0.0,0.0,0.0008413333333333452,0.0008178171488106816,1.4931230010605651e-05
ASN 132,R ASN 132,0.0,0.0,0.0,-0.00036466666666667074,0.00048133656508610845,8.78796314832384e-06,0.004904000000000067,0.0077522975519089534,0.000141536941389087,-0.0015083333333333379,0.007618394224215192,0.0001390922122856577,0.0,0.0,0.0,0.003031000000000013,0.0012614960694880492,2.30316617820903e-05
GLY 133,R GLY 133,0.0,0.0,0.0,-0.00029866666666666556,0.0004576733429957325,8.355933797585389e-06,-0.005720999999999986,0.00629347484833832,0.00011490260465087674,0.011405000000000002,0.006219617485558469,0.00011355415986313116,0.0,0.0,0.0,0.005385333333333395,0.0012933876277263568,2.3613919310127327e-05
PRO 134,R PRO 134,0.0,0.0,0.0,-0.0010873333333333334,0.0003674772857681379,6.709186626199375e-06,0.00248733333333334,0.00798530981796507,0.00014579114386556468,0.003652999999999994,0.008445151922849068,0.00015418667365675208,0.0,0.0,0.0,0.0050530000000000765,0.0021306159516284954,3.889954726957542e-05
VAL 135,R VAL 135,0.0,0.0,0.0,-0.0043839999999999895,0.0009629177881139669,1.7580393119099984e-05,-0.0002729999999999914,0.01142718123598291,0.00020863083105492015,0.008530333333333332,0.014336076167797569,0.00026173974344049816,0.0,0.0,0.0,0.0038733333333333723,0.00925206043118089,0.00016891874005195824
ALA 136,R ALA 136,0.0,0.0,0.0,-0.014896666666666685,0.0037105240719996274,6.774459114667063e-05,0.0427063333333333,0.03428805564462493,0.0006260113843184471,-0.022703000000000008,0.04499154132723172,0.0008214294027283576,0.0,0.0,0.0,0.005106666666666668,0.01740103317494569,0.00031769794646044976
VAL 137,R VAL 137,0.0,0.0,0.0,-0.06818833333333336,0.019372064006937403,0.00035368388140111765,-0.03898200000000004,0.052375092770005384,0.0009562339920519227,0.06569499999999978,0.049658741845386094,0.000906640436201456,0.0,0.0,0.0,-0.04147533333333329,0.03978679083425682,0.0007264040943554082
ALA 138,R ALA 138,0.0,0.0,0.0,-0.4594296666666663,0.16810118893062317,0.0030690937706913347,0.18387500000000026,0.14387260351320025,0.002626742345039226,-0.10455399999999988,0.2028778427625846,0.0037040256966351264,-0.028209052800000023,0.015231084896421823,0.0002780802924348823,-0.4083177194666664,0.24101085165279001,0.004400236001792145
VAL 139,R VAL 139,0.0,0.0,0.0,-0.2102489999999998,0.04873067821198305,0.0008896963899742876,0.019033333333333288,0.08568944055262719,0.0015644679843557286,-0.055082666666666974,0.11861679967956541,0.0021656365627856513,-9.552000000000002e-07,3.896461873238336e-05,7.113933541438239e-07,-0.24629928853333297,0.1056538782247366,0.0019289670797197369
ASP 140,R ASP 140,0.0,0.0,0.0,-0.06438966666666676,0.014519773639954672,0.0002650935850824023,0.08948933333333323,0.4297735293766815,0.007846555221940587,-0.08023666666666707,0.4327229298164002,0.007900403660338907,0.0,0.0,0.0,-0.05513699999999994,0.03643690753892244,0.0006652438728265955
ALA 141,R ALA 141,0.0,0.0,0.0,-0.03164433333333361,0.008368064365323275,0.00015277925385142363,-0.03458299999999998,0.038453960927321756,0.00070207006084388,0.06637166666666675,0.04241231971831879,0.0007743394741948118,0.0,0.0,0.0,0.00014433333333331737,0.01571689646703692,0.00028694995763231236
SER 142,R SER 142,0.0,0.0,0.0,-0.010392333333333347,0.003372003542241041,6.156408013575808e-05,0.0034233333333333047,0.026943981187311956,0.0004919275428428529,0.02479366666666678,0.030067475670934075,0.0005489544890736124,0.0,0.0,0.0,0.017824666666666652,0.009673258235407718,0.00017660872467018085
SER 143,R SER 143,0.0,0.0,0.0,-0.0028509999999999707,0.0007541876424339237,1.3769519478423346e-05,-0.002780000000000008,0.013891325830651804,0.00025361975037007273,0.014445333333333343,0.015251306333848502,0.0002784494836823413,0.0,0.0,0.0,0.00881433333333332,0.006731359042240669,0.00012289723967005283
TRP 144,R TRP 144,0.0,0.0,0.0,-0.015097999999999888,0.002916572646104584,5.3249087629133745e-05,-0.013044666666666729,0.01741432374671927,0.00031794059799253413,-0.0003350000000000072,0.021445623679436122,0.00039154172829980346,0.0,0.0,0.0,-0.028477666666666807,0.01592231666212216,0.000290700400119489
MET 145,R MET 145,0.0,0.0,0.0,-0.0035966666666667067,0.0019352834991861057,3.5333280922392027e-05,-0.010274333333333331,0.016766784860418316,0.00030611820949624064,0.01168400000000004,0.01696728648507656,0.00030977885158429915,0.0,0.0,0.0,-0.0021870000000000123,0.004515532194547968,8.244196140315761e-05
THR 146,R THR 146,0.0,0.0,0.0,-0.0007713333333333105,0.0004386094187568716,8.007875752912269e-06,-0.0024536666666666574,0.008338216429322384,0.00015223430759000168,0.006357999999999978,0.008403164245290752,0.00015342008705222066,0.0,0.0,0.0,0.003133000000000012,0.0016667266322545286,3.043012578934743e-05
TYR 147,R TYR 147,0.0,0.0,0.0,-0.0012493333333333406,0.0004499995061725636,8.215829346563276e-06,0.00047033333333336457,0.005195105378035055,9.484921347220676e-05,0.0007010000000000045,0.005351660085119998,9.770749829067468e-05,0.0,0.0,0.0,-7.800000000001213e-05,0.0010353337626099071,1.8902521877604828e-05
THR 148,R THR 148,0.0,0.0,0.0,-0.00030033333333333247,0.0004584029038108554,8.369253694769211e-06,-0.0007656666666667013,0.003469882979134799,6.335110598584523e-05,0.0018556666666666617,0.0034662421374675612,6.32846336155302e-05,0.0,0.0,0.0,0.0007896666666666021,0.0008824737326905954,1.6111692326680775e-05
GLY 149,R GLY 149,0.0,0.0,0.0,-0.0001506666666666647,0.0003577236674057479,6.531110733053455e-06,0.0031466666666666587,0.0027490281110886137,5.019015692196838e-05,-0.002282000000000004,0.0027423486284570064,5.006820681164187e-05,0.0,0.0,0.0,0.0007139999999999984,0.0007276931587786884,1.3285798600175871e-05
GLY 150,R GLY 150,0.0,0.0,0.0,-0.00014866666666666715,0.0003557595942330856,6.495251827011527e-06,-0.002507000000000017,0.007973285667360313,0.00014557161391486252,0.0029656666666666577,0.007912215527622826,0.00014445663081072204,0.0,0.0,0.0,0.00030999999999997945,0.0007131386027040206,1.3020069977623557e-05
VAL 151,R VAL 151,0.0,0.0,0.0,-0.0003213333333333368,0.00046698846048080236,8.526003796664842e-06,0.005137666666666639,0.004784563500350786,8.735377856526674e-05,-0.0023416666666666625,0.004703785414134238,8.587897923283671e-05,0.0,0.0,0.0,0.0024746666666666645,0.001008311239427435,1.840916036067995e-05
MET 152,R MET 152,0.0,0.0,0.0,-0.0014513333333333383,0.0005049404805409057,9.218909712991747e-06,-0.006405999999999978,0.0075548106528225,0.0001379313404077071,0.008634333333333325,0.007003138907343932,0.00012785923842981175,0.0,0.0,0.0,0.0007769999999999877,0.002462235637247873,4.4954066680458915e-05
THR 153,R THR 153,0.0,0.0,0.0,-0.00046533333333333404,0.0004987967744705441,9.106741499611133e-06,0.002355000000000005,0.005000230828005126,9.129130724103806e-05,0.001799999999999997,0.004631414470763755,8.455767262643863e-05,0.0,0.0,0.0,0.003689666666666651,0.0014836980450512916,2.7088496260030284e-05
SER 154,R SER 154,0.0,0.0,0.0,-0.0006013333333333196,0.0004896238919370164,8.939268343579191e-06,0.004760666666666655,0.005979413534973335,0.00010916865579188669,0.0023483333333333494,0.006559699984670718,0.00011976318840234815,0.0,0.0,0.0,0.0065076666666667345,0.0019210954918712953,3.50742445339797e-05
CYX 155,R CYX 155,0.0,0.0,0.0,-0.002768000000000003,0.000642009345726518,1.172143335945156e-05,-0.0013946666666666753,0.006857081854226021,0.00012519261367396474,0.011517000000000083,0.006940872495587077,0.00012672241448667394,0.0,0.0,0.0,0.007354333333333301,0.0026730970593841917,4.880385192751494e-05
VAL 156,R VAL 156,0.0,0.0,0.0,-0.005505999999999999,0.0014035540602340424,2.5625273982271654e-05,-0.010898666666666609,0.02071114993320161,0.00037813213367620454,0.030748666666666803,0.01860862250558978,0.0003397454103469942,0.0,0.0,0.0,0.014344000000000063,0.006951522423181989,0.00012691685467265828
SER 157,R SER 157,0.0,0.0,0.0,-0.008884999999999994,0.0037094170701070057,6.77243801497443e-05,-0.011983666666666646,0.02618612991430569,0.00047809113492753495,0.0459430000000005,0.02983674051121007,0.0005447418606805992,0.0,0.0,0.0,0.025074333333333393,0.010839932712993163,0.00019790918895815096
GLU 158,R GLU 158,0.0,0.0,0.0,-0.03752300000000078,0.038412091902593946,0.0007013056405337412,0.09865633333333323,0.3355207647223771,0.006125743044994316,0.0028013333333334173,0.3188096127757469,0.005820640548892125,-0.0018180239999999995,0.007602647845822138,0.00013880472406416143,0.062116642666666604,0.021117435406645357,0.0003855498576292647
GLN 159,R GLN 159,0.0,0.0,0.0,-0.6243253333333332,0.4620150165217101,0.008435201548502087,-0.1406093333333334,0.5715818816053888,0.010435609667217287,0.7076476666666675,0.623919645088924,0.011391162122860699,-0.1330054128000002,0.11416298984904753,0.0020843214924185544,-0.1902924127999997,0.503723078312274,0.009196683090919127
LEU 160,R LEU 160,0.0,0.0,0.0,-2.186753333333334,0.6218069050401072,0.011352588943431314,-0.08912066666666697,0.8521083065586326,0.01555729803132301,0.7034860000000055,0.7948463422599312,0.014511842380207871,-0.3062085744000005,0.08394984074112127,0.0015327073824292778,-1.8785965744000033,0.7603032313923551,0.013881174345922094
ASP 161,R ASP 161,0.0,0.0,0.0,-1.7317196666666659,0.4385591808181532,0.008006958537836315,2.01544566666667,2.367291161724983,0.043220625648646115,-0.8603953333333335,1.989452461619752,0.0363222663437773,-0.2253424272000002,0.047011815579814265,0.0008583143954112361,-0.802011760533335,0.6747978208188871,0.012320066273927788
HIE 162,R HIE 162,0.0,0.0,0.0,-1.1387836666666673,0.382334089769523,0.006980433515665763,-0.10550599999999982,0.31995711686203626,0.0058415910113217935,0.4401663333333331,0.3438072425064517,0.006277032738481086,-0.048496845600000026,0.016165354382570062,0.0002951376415132873,-0.8526201789333341,0.392843026880656,0.007172299579371454
GLY 163,R GLY 163,0.0,0.0,0.0,-0.40023599999999887,0.15162525175796823,0.0027682856891746346,0.10900433333333345,0.1711896657158043,0.003125481384143826,-0.014725000000000018,0.06587231620086445,0.0012026584499442155,-0.0077844815999999605,0.006290898587265728,0.00011485556877409402,-0.3137411482666679,0.17846843686563135,0.0032583729557997625
VAL 164,R VAL 164,0.0,0.0,0.0,-0.05101766666666684,0.014977695235099594,0.0002734540513233896,-0.07949399999999994,0.05180352591603524,0.0009457986567505324,0.0701823333333332,0.05946910476223964,0.0010857523384305515,0.0,0.0,0.0,-0.060329333333333346,0.023417462278298693,0.00042754241097835047
LEU 165,R LEU 165,0.0,0.0,0.0,-0.006905333333333312,0.0014377197996210587,2.6249052187475372e-05,-0.0014299999999999595,0.008141402418093144,0.00014864099180389068,0.0029603333333333383,0.008500672123753272,0.00015520032920450047,0.0,0.0,0.0,-0.00537499999999996,0.004299113280666223,7.849071070303096e-05
LEU 166,R LEU 166,0.0,0.0,0.0,-0.003973333333333335,0.0007953755227700633,1.4521503850287585e-05,-0.0014303333333333702,0.006433491526552409,0.00011745894775370336,0.006068666666666689,0.00695370056556619,0.00012695662192990112,0.0,0.0,0.0,0.0006649999999999836,0.002754047022111184,5.0281789281340815e-05
VAL 167,R VAL 167,0.0,0.0,0.0,-0.0009546666666666654,0.00034148434159638255,6.234622564237947e-06,0.002471666666666689,0.005133861174160775,9.373105240626048e-05,-0.0013066666666666654,0.004549280773436123,8.305812333451711e-05,0.0,0.0,0.0,0.0002103333333333841,0.0019648816475525896,3.587366670641563e-05
GLY 168,R GLY 168,0.0,0.0,0.0,-0.0003250000000000002,0.00046837484987988335,8.551315688243597e-06,-0.007899333333333331,0.00831816483499947,0.00015186821723918158,0.0076149999999999855,0.008284691203257519,0.00015125707513295866,0.0,0.0,0.0,-0.0006093333333333555,0.001115667015237489,2.0369199697001087e-05
TYR 169,R TYR 169,0.0,0.0,0.0,-0.0004863333333333396,0.0004998131873232503,9.125298574516644e-06,-0.002272333333333337,0.0029270294194323073,5.3440001316810827e-05,0.0008066666666666618,0.002892165662997604,5.280347912218906e-05,0.0,0.0,0.0,-0.0019520000000000219,0.0009439435011341313,1.7233971619385567e-05
ASN 170,R ASN 170,0.0,0.0,0.0,-0.00015866666666666563,0.00036536496213451265,6.670621049436448e-06,0.00039733333333334995,0.002232515671215513,4.075997310361744e-05,-0.0003136666666666685,0.002226944069546627,4.0658250039768034e-05,0.0,0.0,0.0,-7.499999999992705e-05,0.0007225245093885076,1.319143240474796e-05
ASP 171,R ASP 171,0.0,0.0,0.0,-0.00014366666666666504,0.00035075141561446657,6.403815413630436e-06,-0.0790223333333333,0.10180552621488141,0.001858706106219136,0.07792766666666669,0.10135288403011652,0.001850442028383331,0.0,0.0,0.0,-0.0012383333333332422,0.0008915513944182514,1.6277426996602058e-05
SER 172,R SER 172,0.0,0.0,0.0,-4.766666666666708e-05,0.00021305998112164625,3.889925258731683e-06,0.002736333333333325,0.0033209657062701087,6.063226100084047e-05,-0.0026859999999999926,0.003283910879830125,5.995573552398654e-05,0.0,0.0,0.0,2.6666666666530504e-06,0.0006276885285624152,1.1459972206028686e-05
ALA 173,R ALA 173,0.0,0.0,0.0,-6.066666666666531e-05,0.0002387178716020643,4.3583721052024176e-06,-0.000262333333333334,0.0016767571546158929,3.061325723471007e-05,0.0003106666666666588,0.001675356545800227,3.058768573329071e-05,0.0,0.0,0.0,-1.2333333333338044e-05,0.0006176686454366433,1.1277035005643663e-05
ALA 174,R ALA 174,0.0,0.0,0.0,-4.599999999999999e-05,0.00020948508300115288,3.8246568473524486e-06,-0.00010666666666666058,0.001364534922805415,2.4912885257469873e-05,0.00017033333333333958,0.001357689172413505,2.4787899527046577e-05,0.0,0.0,0.0,1.7666666666653027e-05,0.0006132056932402303,1.1195553019275576e-05
VAL 175,R VAL 175,0.0,0.0,0.0,-0.00014233333333333413,0.0003493916935983987,6.378990399625877e-06,-0.000529666666666662,0.0016934540311315275,3.0918099098293114e-05,0.001239333333333327,0.0017197052719062746,3.139737898945406e-05,0.0,0.0,0.0,0.0005673333333333418,0.0007010465192997098,1.2799299749364394e-05
PRO 176,R PRO 176,0.0,0.0,0.0,-0.000200999999999999,0.0004007480505255129,7.316624904968115e-06,0.0011256666666666871,0.00381958216155765,6.973571033764889e-05,-0.00015500000000000043,0.003767002566143733,6.877574265522562e-05,0.0,0.0,0.0,0.0007696666666666682,0.0008209424800529788,1.4988290491308377e-05
TYR 177,R TYR 177,0.0,0.0,0.0,-0.0004546666666666711,0.0004979406479580581,9.091110839512237e-06,0.003175333333333293,0.006665277555277719,0.00012169076230194976,0.0015826666666666593,0.006783153117999207,0.00012384286579132225,0.0,0.0,0.0,0.0043033333333333135,0.0013623468313498238,2.4872936355866157e-05
TRP 178,R TRP 178,0.0,0.0,0.0,-0.002261666666666669,0.0005795376509673722,1.0580861478612847e-05,0.004251333333333336,0.00509524270493783,9.302597884860296e-05,-0.011661000000000064,0.005328109014149617,9.727751652987859e-05,0.0,0.0,0.0,-0.009671333333333322,0.00286937476735882,5.23873762006188e-05
ILE 179,R ILE 179,0.0,0.0,0.0,-0.0008363333333333368,0.00038237837572512376,6.981242062894537e-06,-0.007906999999999989,0.005180960432197843,9.459096327521576e-05,0.010292000000000058,0.004812837278224036,8.786998476283572e-05,0.0,0.0,0.0,0.0015486666666666186,0.00231148542908863,4.220175702854502e-05
ILE 180,R ILE 180,0.0,0.0,0.0,-0.004249666666666645,0.000892561793690085,1.6295874279044393e-05,0.02005233333333323,0.01458129833801586,0.00026621686724812916,-0.009928333333333319,0.017082579739475922,0.00031188380878972285,0.0,0.0,0.0,0.005874333333333302,0.003963400209696466,7.2361456642382e-05
LYS 181,R LYS 181,0.0,0.0,0.0,-0.0032400000000000037,0.0007994164538378016,1.4595280820258374e-05,0.14075766666666653,0.20377673143554825,0.0037204370833973954,-0.11183066666666647,0.20338561402638297,0.0037132962891429687,0.0,0.0,0.0,0.025687000000000015,0.007041711274021113,0.00012856347027399352
ASN 182,R ASN 182,0.0,0.0,0.0,-0.006722999999999956,0.0019405165119971194,3.542882222773555e-05,-0.022293333333333366,0.021740774799645392,0.00039693042584685467,0.03994166666666688,0.01990714102750219,0.000363453006539984,0.0,0.0,0.0,0.010925333333333427,0.0072683165099555695,0.00013270069691966293
SER 183,R SER 183,0.0,0.0,0.0,-0.00786399999999995,0.0030513664698515273,5.571007489175296e-05,-0.013048333333333356,0.01498254530741982,0.0002735426011239003,0.024801666666666753,0.016018478825683895,0.0002924560729915311,0.0,0.0,0.0,0.003889333333333313,0.005327953286415183,9.727467334344596e-05
TRP 184,R TRP 184,0.0,0.0,0.0,-0.01908366666666661,0.008416531345446896,0.00015366413579501903,-0.00997666666666667,0.05147921382029404,0.0009398775550668914,0.01924933333333322,0.04546774497255055,0.0008301236520119349,-8.867999999999987e-06,0.0003887682207382685,7.0979041379832455e-06,-0.009819868000000004,0.015028825923319972,0.0002743875657006918
THR 185,R THR 185,0.0,0.0,0.0,-0.000994333333333321,0.0005029591324241692,9.182735411064847e-06,0.002582999999999952,0.006741941683718907,0.00012309045138524018,0.0026920000000000012,0.006796700375917724,0.00012409020374979933,0.0,0.0,0.0,0.004280666666666646,0.00216299781681722,3.9490756536840616e-05
THR 186,R THR 186,0.0,0.0,0.0,-0.0003956666666666668,0.000488993410544102,8.92775738087964e-06,0.0013956666666666872,0.004032920516063881,7.363071797578543e-05,-0.0004020000000000033,0.003986694035580531,7.278674177195868e-05,0.0,0.0,0.0,0.0005980000000000404,0.001020324784892823,1.8628496688913514e-05
GLN 187,R GLN 187,0.0,0.0,0.0,-0.0003949999999999978,0.0004888506929523572,8.925151726067925e-06,0.002013666666666611,0.008494987535142112,0.0001550965432907515,-9.600000000003354e-05,0.008131509740919378,0.00014846037705581775,0.0,0.0,0.0,0.0015226666666665878,0.0012056061638120851,2.201125637957158e-05
TRP 188,R TRP 188,0.0,0.0,0.0,-0.0028919999999999957,0.0008006264214142755,1.4617371704774528e-05,-0.0131746666666667,0.009119401929707609,0.00016649673826189994,0.009519666666666678,0.00971889636510004,0.00017744195910734188,0.0,0.0,0.0,-0.006546999999999979,0.0033787262392800978,6.168681922961023e-05
GLY 189,R GLY 189,0.0,0.0,0.0,-0.0002920000000000054,0.0004546823066713827,8.301325195413265e-06,0.003151333333333345,0.006838939846366715,0.00012486138744253217,-0.0020273333333333233,0.006688591248453482,0.00012211641015698712,0.0,0.0,0.0,0.0008320000000000105,0.0008377207171844253,1.529461778971051e-05
GLU 190,R GLU 190,0.0,0.0,0.0,-0.0003860000000000007,0.00048683056600833856,8.888269422859159e-06,-0.06325999999999982,0.13514080212874285,0.0024673221921751544,0.06381099999999988,0.13463125916987742,0.0024580192530888703,0.0,0.0,0.0,0.00016499999999981915,0.001049337092327085,1.9158186529814186e-05
GLU 191,R GLU 191,0.0,0.0,0.0,-0.00030633333333333635,0.00046096987127384933,8.416119894231332e-06,-0.0537043333333333,0.11978563178120417,0.0021869764197191086,0.05567766666666644,0.11962943520676243,0.002184124673478216,0.0,0.0,0.0,0.0016669999999998405,0.0010555145664553475,1.927097126076265e-05
GLY 192,R GLY 192,0.0,0.0,0.0,-0.0005166666666666692,0.0004997221450188209,9.12363637705587e-06,-0.010921333333333304,0.011017734713734129,0.00020115539451066354,0.01157633333333331,0.010647730895464162,0.00019440007992301345,0.0,0.0,0.0,0.00013833333333334176,0.0012724768061627768,2.3232141687916053e-05
TYR 193,R TYR 193,0.0,0.0,0.0,-0.00112433333333333,0.00040768601752924887,7.443294272673872e-06,0.005942666666666696,0.0038396240556712114,7.010162358768646e-05,-0.004399999999999996,0.0038245696925710768,6.982676977905923e-05,0.0,0.0,0.0,0.0004183333333334058,0.0015491924419587751,2.8284254879244462e-05
ILE 194,R ILE 194,0.0,0.0,0.0,-0.0021483333333333406,0.0005431364674021112,9.916269833326853e-06,-0.008330999999999948,0.005395316394800312,9.85045498103193e-05,0.010305666666666739,0.0051241488290464455,9.355373005608071e-05,0.0,0.0,0.0,-0.00017366666666671044,0.0017109957789415208,3.123836613074645e-05
ARG 195,R ARG 195,0.0,0.0,0.0,-0.0006969999999999955,0.0004595552197505503,8.390292009220667e-06,0.06793733333333285,0.122238883909972,0.0022317664707248988,-0.062269333333333426,0.12161807483356328,0.002220432099556465,0.0,0.0,0.0,0.004970999999999492,0.0017023980145663173,3.108139314766601e-05
ILE 196,R ILE 196,0.0,0.0,0.0,-0.0024063333333333324,0.0005697015788014561,1.040128019186215e-05,-0.0019233333333333344,0.005641937216555561,0.00010300720938451301,0.003807666666666678,0.005851154406515753,0.00010682697519648102,0.0,0.0,0.0,-0.0005220000000000147,0.0015494674353897977,2.8289275549422357e-05
ALA 197,R ALA 197,0.0,0.0,0.0,-0.0005186666666666622,0.0004996514340573217,9.122345377433337e-06,-0.009190999999999984,0.011073896589126444,0.0002021807653781357,0.011387666666666664,0.010974882591120916,0.0002003730253709224,0.0,0.0,0.0,0.0016779999999999929,0.0011779852857032528,2.1506970446294647e-05
LYS 198,R LYS 198,0.0,0.0,0.0,-0.0007383333333333287,0.000457380828437531,8.350593236854536e-06,0.1096240000000001,0.13261130654661374,0.002421140132527095,-0.10389600000000024,0.13180217948627856,0.0024063675610993145,0.0,0.0,0.0,0.004989666666666858,0.002162150138686744,3.947528012238844e-05
GLY 199,R GLY 199,0.0,0.0,0.0,-0.00033600000000000047,0.00047233886141201994,8.62368830605566e-06,0.0073766666666666295,0.007791242234429365,0.00014224797075946388,-0.004055666666666661,0.007862054516614753,0.00014354082023617583,0.0,0.0,0.0,0.0029849999999999647,0.0012291358753205692,2.2440848171731104e-05
SER 200,R SER 200,0.0,0.0,0.0,-0.0008519999999999805,0.00045029175727154383,8.221165097208848e-06,0.007152999999999996,0.0087162448527639,0.00015913613075323608,0.0022083333333333347,0.007835023753775311,0.00014304730828438466,0.0,0.0,0.0,0.008509333333333351,0.003042134046283251,5.5541514670126716e-05
ASN 201,R ASN 201,0.0,0.0,0.0,-0.006045666666666667,0.0026116880662811278,4.76826822356407e-05,-0.01294166666666661,0.027683333082480322,0.0005054261998734498,0.022730999999999994,0.02580975214268175,0.00047121944840546965,0.0,0.0,0.0,0.0037436666666667857,0.006031359152149811,0.00011011704866825615
GLN 202,R GLN 202,0.0,0.0,0.0,-0.0034756666666666694,0.000867990719356365,1.5847269889887236e-05,-0.01940866666666649,0.02148587888720292,0.0003922766844781678,0.034970000000000064,0.01767243899409442,0.00032265311610664736,0.0,0.0,0.0,0.01208566666666689,0.009071732353243728,0.00016562641485070047
CYX 203,R CYX 203,0.0,0.0,0.0,-0.012796999999999979,0.003015149139484119,5.504883993125808e-05,-0.027752666666666623,0.03055106369488449,0.0005577835580488454,0.026957333333333375,0.03156566984698542,0.0005763076472651519,0.0,0.0,0.0,-0.013592333333333189,0.009847274134951806,0.0001797858057883425
LEU 204,R LEU 204,0.0,0.0,0.0,-0.06718066666666636,0.046061582251977165,0.0008409655877929167,-0.044480000000000026,0.04583793479931947,0.0008368823626346103,0.06120699999999988,0.04622206707118726,0.0008438956263135337,-0.0022653768000000006,0.007688994550078821,0.00014038119198708185,-0.05271904346666661,0.04953395496017721,0.0009043621498044656
VAL 205,R VAL 205,0.0,0.0,0.0,-0.01327,0.004439793538743062,8.105916906117539e-05,-0.025481,0.02405930808786216,0.00043926085858961967,0.04708400000000023,0.02329874697632109,0.0004253749760178781,0.0,0.0,0.0,0.008332999999999927,0.005788331164218805,0.00010567998496509264
LYS 206,R LYS 206,0.0,0.0,0.0,-0.014029000000000066,0.008618903197816436,0.0001573589234132491,0.12868066666666667,0.18826284469562443,0.00343719355932951,-0.0590126666666668,0.19197227188552218,0.00350491812424051,0.0,0.0,0.0,0.05563900000000035,0.01919116148126501,0.00035038106826710343
GLU 207,R GLU 207,0.0,0.0,0.0,-0.17841966666666698,0.19073047706092833,0.0034822461563330694,-0.24918699999999963,0.4885912852589589,0.00892041561122577,0.46168033333333247,0.5152687636692371,0.009407477501314652,-0.029748561600000046,0.041629420978681414,0.0007600457641967533,0.004325105066666725,0.10668798115025976,0.001947847129689441
GLU 208,R GLU 208,0.0,0.0,0.0,-0.5034636666666669,0.37766393528270886,0.006895168550350361,-0.5030056666666661,1.0354587419599217,0.01890480367791234,1.0786429999999994,1.0522690002486708,0.019211715599986873,-0.06944732640000002,0.0651732289137831,0.001189894920717564,0.0027263402666671582,0.30055264629751616,0.0054873154698340375
ALA 209,R ALA 209,0.0,0.0,0.0,-0.016584333333333364,0.008816474421344533,0.0001609660639412569,0.012942333333333349,0.022917613485895008,0.00041841646234697664,0.007948666666666656,0.02563653704296961,0.00046805698782504144,0.0,0.0,0.0,0.004306666666666671,0.00802184240405883,0.0001464581345818164
SER 210,R SER 210,0.0,0.0,0.0,-0.012545666666666684,0.004035085445880056,7.367024400564325e-05,-0.012349000000000011,0.022927738636856366,0.0004186013214662993,0.0282883333333335,0.024208260240853423,0.0004419803403956955,0.0,0.0,0.0,0.003393666666666609,0.009974568990966751,0.00018210988125813443
SER 211,R SER 211,0.0,0.0,0.0,-0.002712666666666666,0.0007576979755962092,1.3833609100334753e-05,-0.0013663333333333418,0.0059068999107446795,0.0001078447442013371,0.0048900000000000115,0.005690509643256905,0.00010389401651041607,0.0,0.0,0.0,0.0008110000000000127,0.0027065252631371934,4.941416463592821e-05
ALA 212,R ALA 212,0.0,0.0,0.0,-0.0012483333333333374,0.00045825453868159185,8.366544930501052e-06,-0.001968666666666668,0.006909294577274556,0.0001261458832140465,0.0018079999999999971,0.007481920609041488,0.00013660055636782712,0.0,0.0,0.0,-0.0014090000000000211,0.001829495103391465,3.340185789909172e-05
VAL 213,R VAL 213,0.0,0.0,0.0,-0.0006503333333333243,0.00047965253627550616,8.757217129421989e-06,-0.0034393333333333255,0.003985430075774654,7.276366512871004e-05,0.003059333333333329,0.003985450148840019,7.276403161106667e-05,0.0,0.0,0.0,-0.0010303333333333495,0.0010132850317436093,1.849996896894377e-05
VAL 214,R VAL 214,0.0,0.0,0.0,-0.0002846666666666662,0.0004512555324376168,8.23876114383623e-06,-7.333333333336611e-05,0.002981155629766525,5.44282061952215e-05,-0.0002543333333333276,0.0029986076583789576,5.4746835186730004e-05,0.0,0.0,0.0,-0.0006123333333333374,0.0007983615861388579,1.457602165912854e-05
GLY 215,R GLY 215,0.0,0.0,0.0,-9.266666666666668e-05,0.0002899647488153611,5.2940077935830884e-06,-0.08011666666666678,0.08281901787767254,0.0015120614760674958,0.07926500000000014,0.0824156787773622,0.0015046975452820354,0.0,0.0,0.0,-0.0009443333333333139,0.0008082292716520156,1.4756180123992653e-05
C03 216,L C03   1,0.0,0.0,0.0,-15.435640333333337,1.7349458653338758,0.0316756328831228,-0.7017993333333323,3.7683908166571833,0.06880108852594846,6.311033000000009,3.8420053550080944,0.07014509996645257,-2.581419647999992,0.1919107878011445,0.0035037955835758032,-12.407826314666677,1.8119490416665465,0.033081512105687855

