| Run on Fri Feb 13 18:48:13 2026
| GB non-polar solvation energies calculated with gbsa=2
idecomp = 2: Per-residue decomp adding 1-4 interactions to EEL and VDW.
Energy Decomposition Analysis (All units kcal/mol): Generalized Born solvent
DELTAS:
Total Energy Decomposition:
Residue,Location,Internal,,,van der Waals,,,Electrostatic,,,Polar Solvation,,,Non-Polar Solv.,,,TOTAL,,
,,Avg.,Std. Dev.,Std. Err. of Mean,Avg.,Std. Dev.,Std. Err. of Mean,Avg.,Std. Dev.,Std. Err. of Mean,Avg.,Std. Dev.,Std. Err. of Mean,Avg.,Std. Dev.,Std. Err. of Mean
ALA   1,R ALA   1,0.0,0.0,0.0,-5.200000000000032e-05,0.00022202702538204788,4.053640339250656e-06,0.15580966666666687,0.052829531891631296,0.0009645308773161676,-0.1547070000000001,0.052597805572095785,0.0009603001529035927,0.0,0.0,0.0,0.0010506666666666978,0.0006909651864518215,1.2615240635680854e-05
PRO   2,R PRO   2,0.0,0.0,0.0,-9.099999999999927e-05,0.0002876091097305483,5.250999904779995e-06,-0.006197999999999983,0.0032415216591389472,5.918181777839911e-05,0.0060293333333333145,0.0032230119798447,5.88438788156776e-05,0.0,0.0,0.0,-0.0002596666666666625,0.0006451665590286424,1.1779075924265857e-05
ALA   3,R ALA   3,0.0,0.0,0.0,-5.433333333333301e-05,0.0002266742645785392,4.138486930518672e-06,-0.005346333333333302,0.0022848165255782917,4.171485169399365e-05,0.0053916666666666445,0.002259999385447348,4.1261754778577506e-05,0.0,0.0,0.0,-8.999999999971476e-06,0.0006198809025396221,1.131742510958708e-05
ALA   4,R ALA   4,0.0,0.0,0.0,-7.499999999999877e-05,0.0002633913438213142,4.8088460154177585e-06,0.007062,0.0020874600195771825,3.811163135375328e-05,-0.006506000000000023,0.0020523069945791615,3.746982786188798e-05,0.0,0.0,0.0,0.00048099999999997515,0.0006379438324283154,1.1647207581409466e-05
VAL   5,R VAL   5,0.0,0.0,0.0,-0.00019366666666666198,0.0003951707085411082,7.214797037775478e-06,-0.005418000000000021,0.002592028034827769,4.732374081203184e-05,0.006103,0.002453648507834713,4.479728786433212e-05,0.0,0.0,0.0,0.0004913333333333589,0.0008065925585793009,1.4726297968323007e-05
ASP   6,R ASP   6,0.0,0.0,0.0,-0.00020233333333333323,0.00040173941249963983,7.33472461549752e-06,-0.24220399999999986,0.05804857492364986,0.0010598171305570584,0.2410953333333335,0.05776704001033173,0.0010546770297987383,0.0,0.0,0.0,-0.0013109999999999266,0.0009144829140010934,1.669609734838186e-05
TRP   7,R TRP   7,0.0,0.0,0.0,-0.00047966666666668595,0.0004995863844777775,9.121157740030916e-06,0.015540333333333461,0.005534531587125036,0.00010104625984977502,-0.016414000000000192,0.005460397177250617,9.969275689725659e-05,0.0,0.0,0.0,-0.001353333333333329,0.0010170982690422719,1.8569588838463687e-05
ARG   8,R ARG   8,0.0,0.0,0.0,-0.0004060000000000059,0.0004910845141113726,8.965935534008761e-06,0.26909566666666723,0.06399729042093978,0.001168425319425267,-0.2651829999999999,0.06359152074765784,0.001161017012651666,0.0,0.0,0.0,0.003506666666666689,0.0012704155050832025,2.3194507651279634e-05
ALA   9,R ALA   9,0.0,0.0,0.0,-6.733333333333454e-05,0.0002505983949580637,4.575279793104012e-06,0.006021000000000028,0.0019177831820442537,3.501377030698914e-05,-0.006077999999999941,0.0019167462012484708,3.499483771453747e-05,0.0,0.0,0.0,-0.00012433333333334318,0.0006425531538756426,1.173136189245925e-05
ARG  10,R ARG  10,0.0,0.0,0.0,-0.00015033333333333373,0.0003573978486536014,6.525162123713162e-06,0.18509233333333308,0.048812626179664004,0.0008911925483223065,-0.18380799999999994,0.0485528420314732,0.0008864495603874274,0.0,0.0,0.0,0.001133999999999664,0.000799610738630525,1.4598827959043534e-05
GLY  11,R GLY  11,0.0,0.0,0.0,-6.366666666666642e-05,0.00024415819097917173,4.4576982932982235e-06,0.0034896666666666652,0.0024460634815056987,4.465880486367639e-05,-0.002870666666666672,0.0024114876920459057,4.402754020265379e-05,0.0,0.0,0.0,0.0005553333333333068,0.0006513613095322307,1.189217607723025e-05
ALA  12,R ALA  12,0.0,0.0,0.0,-0.00017466666666666604,0.00037968173806784614,6.932008420417576e-06,-0.006439000000000027,0.0036766305679701732,6.712578325634316e-05,0.008093666666666634,0.0034164640427723674,6.237581410439067e-05,0.0,0.0,0.0,0.001479999999999985,0.000932880842694673,1.7031996033610028e-05
VAL  13,R VAL  13,0.0,0.0,0.0,-0.0004940000000000006,0.0004999639987038962,9.128052001020253e-06,0.01610799999999998,0.0038130044147189988,6.96156176602793e-05,-0.011259333333333437,0.003857902654148107,7.043534361119898e-05,0.0,0.0,0.0,0.004354666666666658,0.001306475496219569,2.3852870003573776e-05
THR  14,R THR  14,0.0,0.0,0.0,-0.0005439999999999995,0.0004980602373207356,9.093294232564776e-06,-0.021208666666666667,0.006817266672859699,0.00012446569124178162,0.020256333333333557,0.006672277963500106,0.00012181857168512131,0.0,0.0,0.0,-0.0014963333333333447,0.0018588490764149016,3.3937785671669525e-05
ALA  15,R ALA  15,0.0,0.0,0.0,-0.00038300000000000036,0.0004861182983595662,8.875265254252032e-06,-0.016302333333333453,0.005621588852114565,0.00010263570077742401,0.019011999999999994,0.005251144891037286,9.587235031830429e-05,0.0,0.0,0.0,0.002326666666666692,0.0014486622181247627,2.6448832502413392e-05
VAL  16,R VAL  16,0.0,0.0,0.0,-0.001124666666666665,0.00037743638168862817,6.891014009133049e-06,0.021987999999999865,0.005926425791880747,0.00010820123638645006,-0.013466000000000075,0.00587220946492855,0.00010721138621122362,0.0,0.0,0.0,0.00739733333333332,0.0017018008761960988,3.107049094248866e-05
LYS  17,R LYS  17,0.0,0.0,0.0,-0.001984333333333328,0.0004803691867255801,8.770301316667048e-06,0.21680199999999994,0.072426519977146,0.0013223212917693804,-0.20399833333333314,0.07140187437237834,0.001303613908063388,0.0,0.0,0.0,0.010819333333333292,0.0033810293633087666,6.172886832905137e-05
ASP  18,R ASP  18,0.0,0.0,0.0,-0.0028733333333333445,0.0005531324936720016,1.009877146910796e-05,-0.30865700000000007,0.11425847022285143,0.0020860647175696017,0.3138543333333343,0.11311835887491899,0.0020652492274585944,0.0,0.0,0.0,0.0023240000000000548,0.004393748285916806,8.02185016065431e-05
GLN  19,R GLN  19,0.0,0.0,0.0,-0.04772900000000033,0.010555198987542334,0.00019271068614775425,0.03101566666666667,0.05344227497548683,0.0009757179842822661,0.021477999999999994,0.06162333580714372,0.001125083036342948,-0.0004969392000000024,0.0013850773503250125,2.5287936955416492e-05,0.004267727466666919,0.023011724732661984,0.00042013469077261685
GLY  20,R GLY  20,0.0,0.0,0.0,-0.003755666666666596,0.0007593645735457185,1.3864036876709358e-05,-0.046045333333333244,0.021540240130715364,0.0003932691804556944,0.05596666666666686,0.021570756953697916,0.0003938263388667256,0.0,0.0,0.0,0.006165666666666667,0.0026666248121715135,4.868568540097715e-05
GLN  21,R GLN  21,0.0,0.0,0.0,-0.007933333333333412,0.0025015106546953103,4.567112711387126e-05,0.005476000000000091,0.033062729631213005,0.0006036400943903275,0.01798466666666664,0.03435021249166043,0.0006271462078926052,0.0,0.0,0.0,0.015527333333333525,0.004364697724037953,7.968811333823483e-05
CYX  22,R CYX  22,0.0,0.0,0.0,-0.038753333333333806,0.008868699015198463,0.00016191955021160165,-0.01447799999999996,0.027142675795384187,0.0004955551934727132,0.017096666666666687,0.034114659442663224,0.0006228456172784421,0.0,0.0,0.0,-0.03613466666666685,0.016210445137489145,0.0002959608823000913
GLY  23,R GLY  23,0.0,0.0,0.0,-0.3890783333333338,0.23054010106101205,0.004209067125354566,-0.1605076666666669,0.3733896605530055,0.006817131327469267,0.5370420000000005,0.27643389246376066,0.005046969285378635,-0.08417315039999997,0.01763140947929757,0.0003219040230807231,-0.09671715039999991,0.3048292599171839,0.005565395394808233
SER  24,R SER  24,0.0,0.0,0.0,-0.1465066666666663,0.02764898953347775,0.0005047991753236667,-0.10039633333333337,0.051367011981317864,0.0009378290391268643,0.036634666666666815,0.04491149665236673,0.0008199679935939671,0.0,0.0,0.0,-0.21026833333333336,0.055287626679834626,0.0010094093427823292
CYS  25,R CYS  25,0.0,0.0,0.0,-0.7035693333333332,0.21211598680806143,0.003872690359408116,0.13208433333333328,0.1970472444733892,0.0035975740230770143,0.11327133333333289,0.12751404253998438,0.0023280772499274264,-0.06321085680000026,0.01718452619572223,0.0003137450879145167,-0.5214245234666657,0.24009580936434982,0.004383529691710483
TRP  26,R TRP  26,0.0,0.0,0.0,-1.4633703333333348,0.2951829125359668,0.005389277992867449,-0.11796200000000016,0.35672308946296155,0.006512842762726582,0.17845266666666662,0.29324032878548983,0.005353811428201476,-0.08155831679999992,0.018971960180083788,0.0003463790183573888,-1.4844379834666654,0.3410526942396714,0.006226741797766008
ALA  27,R ALA  27,0.0,0.0,0.0,-0.042700666666667206,0.00680492955306357,0.00012424044728154884,-0.04070266666666682,0.035093564360941576,0.0006407178941249023,-0.00027633333333333194,0.03947796820027873,0.0007207657902588095,0.0,0.0,0.0,-0.08367966666666661,0.019579557023134478,0.00035747216825098173
PHE  28,R PHE  28,0.0,0.0,0.0,-0.025971333333333377,0.0037205525873918316,6.792768594995724e-05,0.058552333333333186,0.027241413226107795,0.0004973578840752939,-0.05948466666666666,0.030513916468100644,0.0005571053455802363,0.0,0.0,0.0,-0.02690366666666669,0.011460441522423469,0.00020923807802667273
SER  29,R SER  29,0.0,0.0,0.0,-0.056037333333333446,0.01425809499508479,0.0002603160085286483,0.11061866666666652,0.05621236446034131,0.0010262926675210216,-0.08000600000000004,0.05293146478230094,0.0009663919087685499,0.0,0.0,0.0,-0.025424666666666734,0.024757577793924457,0.0004520094608973804
ALA  30,R ALA  30,0.0,0.0,0.0,-0.015313999999999998,0.002471046471976779,4.511492977817464e-05,0.042264333333333494,0.023971033795441538,0.0004376491978827336,-0.04424566666666693,0.02296176491232455,0.0004192225534203596,0.0,0.0,0.0,-0.017295333333333364,0.006738900371887266,0.00012303492488208693
ILE  31,R ILE  31,0.0,0.0,0.0,-0.00556866666666662,0.000742036536986419,1.354767166001594e-05,0.022779666666666594,0.011744578318904879,0.00021442568245501014,-0.0191376666666668,0.012047463684203851,0.00021995558735209147,0.0,0.0,0.0,-0.001926666666666659,0.00357145473006293,6.520554395879969e-05
GLY  32,R GLY  32,0.0,0.0,0.0,-0.001890000000000001,0.0004327046721878151,7.900070323171486e-06,0.050977333333333374,0.010848017617159306,0.00019805679843771975,-0.03619866666666721,0.010815568942756211,0.00019746436940666257,0.0,0.0,0.0,0.01288866666666663,0.0031276623148217596,5.7103040069556734e-05
ASN  33,R ASN  33,0.0,0.0,0.0,-0.0033313333333333493,0.000558168035232757,1.019070745917731e-05,0.05165033333333346,0.013226768308581004,0.0002414866455168089,-0.0348093333333337,0.012997370742661567,0.00023729843813378044,0.0,0.0,0.0,0.01350966666666689,0.00357406023390134,6.525311373299848e-05
VAL  34,R VAL  34,0.0,0.0,0.0,-0.001579333333333337,0.0004936661039834385,9.013068700914007e-06,0.01834266666666672,0.006485155836386783,0.00011840220468417744,-0.011988666666666732,0.006414504778667713,0.00011711229875003297,0.0,0.0,0.0,0.0047746666666667855,0.0015928668773280154,2.908163732717894e-05
GLU  35,R GLU  35,0.0,0.0,0.0,-0.0010850000000000018,0.00030184156992248904,5.5108478879773375e-06,-0.32386266666666685,0.0831543653267139,0.0015181840548155548,0.32723200000000086,0.08268405434342099,0.001509597390329156,0.0,0.0,0.0,0.002284333333333682,0.0021071674246613053,3.847143769756882e-05
CYS  36,R CYS  36,0.0,0.0,0.0,-0.0005983333333333271,0.0004902352043208774,8.95042932965662e-06,0.015297000000000014,0.008077300972478399,0.00014747066487949447,-0.01201566666666679,0.006984894741909212,0.00012752614706476335,0.0,0.0,0.0,0.0026829999999999953,0.0017966202529565139,3.280164799383067e-05
GLN  37,R GLN  37,0.0,0.0,0.0,-0.0007689999999999824,0.00042147241902640314,7.694998375567685e-06,0.04509899999999995,0.009938302957078112,0.00018144775709706595,-0.03560033333333382,0.009834358133037707,0.00017954999293497145,0.0,0.0,0.0,0.008729666666666578,0.0015735056049751802,2.8728150473523978e-05
TRP  38,R TRP  38,0.0,0.0,0.0,-0.0003950000000000064,0.0004888506929523675,8.925151726068113e-06,0.008447666666666614,0.0024809798915394476,4.529628837709586e-05,-0.008742333333333307,0.0024464820775056705,4.466644734606526e-05,0.0,0.0,0.0,-0.0006896666666667125,0.0008286695494720141,1.5129366832115511e-05
PHE  39,R PHE  39,0.0,0.0,0.0,-0.00021700000000000124,0.000412202620079013,7.5257557760002445e-06,0.011049999999999916,0.0024499319718446345,4.4729433511080594e-05,-0.010353999999999966,0.0024139906103101357,4.407323702908414e-05,0.0,0.0,0.0,0.0004790000000000325,0.0007820223781964655,1.4277709900401344e-05
LEU  40,R LEU  40,0.0,0.0,0.0,-0.00025299999999999964,0.00043473095127906527,7.937064948707445e-06,0.011011666666666647,0.0028006303853874534,5.113228124370316e-05,-0.010486333333333379,0.0027601593955578247,5.0393385441894835e-05,0.0,0.0,0.0,0.00027233333333330696,0.0007686576322105559,1.4033704138674367e-05
ALA  41,R ALA  41,0.0,0.0,0.0,-9.100000000000075e-05,0.00028760910973055296,5.250999904780081e-06,0.006214333333333292,0.0017024671966166674,3.108265623331772e-05,-0.006149666666666638,0.0017015482818761175,3.1065879222256945e-05,0.0,0.0,0.0,-2.6333333333332504e-05,0.0006569930660888904,1.1994997414045588e-05
GLY  42,R GLY  42,0.0,0.0,0.0,-3.4000000000000095e-05,0.00018122913673027354,3.308776208811962e-06,0.005748666666666651,0.0015559021677328468,2.8406757151282225e-05,-0.005603333333333302,0.00154164054031925,2.8146376649910193e-05,0.0,0.0,0.0,0.00011133333333332603,0.0005974430702771752,1.0907768213865102e-05
HID  43,R HID  43,0.0,0.0,0.0,-0.00011466666666666784,0.00031861924333320533,5.8171648942941355e-06,0.002519999999999994,0.004475295148553509,8.1707336811873e-05,-0.0022476666666666595,0.004372298543735969,7.982688468503927e-05,0.0,0.0,0.0,0.00015766666666665094,0.0006758756460244119,1.2339744579864907e-05
PRO  44,R PRO  44,0.0,0.0,0.0,-7.63333333333334e-05,0.0002655307054853648,4.8479052368198344e-06,-0.005030666666666666,0.002454192240953278,4.480721502747548e-05,0.0049679999999999724,0.0024150174602543535,4.409198465833818e-05,0.0,0.0,0.0,-0.00013900000000000763,0.0006467964646367541,1.1808833793204757e-05
LEU  45,R LEU  45,0.0,0.0,0.0,-0.0001946666666666666,0.00039594387930053354,7.228913139966834e-06,0.007909666666666648,0.0028568350592141738,5.2158433500107e-05,-0.006767666666666633,0.0028133647510094504,5.1364777887259366e-05,0.0,0.0,0.0,0.0009473333333332976,0.0007374909415640522,1.3464680821678522e-05
THR  46,R THR  46,0.0,0.0,0.0,-0.00020666666666666766,0.00040491425704160787,7.392689081237789e-06,-0.006108333333333342,0.003088246086193393,5.638340148450549e-05,0.007814333333333269,0.0029669054398295896,5.4168034512648416e-05,0.0,0.0,0.0,0.0014993333333333406,0.0008238120066023168,1.5040680638656125e-05
ASN  47,R ASN  47,0.0,0.0,0.0,-0.0004260000000000022,0.0004944936804449554,9.028178110781776e-06,0.0022859999999999777,0.006010396880961181,0.00010973433170870439,0.0032883333333333137,0.005823675576663056,0.0001063252826976754,0.0,0.0,0.0,0.005148333333333274,0.0011872926719598334,2.1676899293099407e-05
LEU  48,R LEU  48,0.0,0.0,0.0,-0.0008746666666666353,0.0003390548955879947,6.190267151536784e-06,-0.00852566666666666,0.0043700504828001864,7.978584089553347e-05,0.013103999999999972,0.0044234809822130735,8.076134388844029e-05,0.0,0.0,0.0,0.00370366666666672,0.0012173139374139872,2.2225010102902423e-05
SER  49,R SER  49,0.0,0.0,0.0,-0.0010630000000000134,0.0002904553895752133,5.302965627309839e-06,-0.009866000000000005,0.008899590477469545,0.00016248354856894138,0.011446333333333388,0.008927399017755359,0.00016299126072913576,0.0,0.0,0.0,0.0005173333333332989,0.002287728033564172,4.176800831400109e-05
GLH  50,R GLH  50,0.0,0.0,0.0,-0.005189333333333275,0.0007358574741229379,1.343485792286357e-05,0.013069666666666716,0.008110208375183081,0.00014807146910516983,0.0038009999999999906,0.00904629200280424,0.00016516193972381565,0.0,0.0,0.0,0.011681333333333347,0.00409859141115041,7.482969899613368e-05
GLN  51,R GLN  51,0.0,0.0,0.0,-0.0028276666666666533,0.0005085612603766153,9.285015806051014e-06,-0.008731666666666603,0.008187897403417325,0.0001494898702129882,0.012605000000000094,0.008193471486494346,0.0001495916385809446,0.0,0.0,0.0,0.001045666666666629,0.002386960666249696,4.3579740026083954e-05
MET  52,R MET  52,0.0,0.0,0.0,-0.0022120000000000087,0.0004498770202323047,8.213593069481377e-06,0.018331999999999973,0.0071477112420692485,0.00013049875606048654,-0.014091333333333405,0.007463086373761152,0.0001362566918506138,0.0,0.0,0.0,0.002028666666666654,0.0024041307969594667,4.389322228958574e-05
LEU  53,R LEU  53,0.0,0.0,0.0,-0.01166033333333326,0.0017392411819202767,3.175405427598939e-05,0.057253333333333274,0.015503972250864266,0.0002830625110910834,-0.04999800000000039,0.017046895983333744,0.0003112323155172034,0.0,0.0,0.0,-0.00440499999999998,0.006019327897143727,0.00010989738900952519
VAL  54,R VAL  54,0.0,0.0,0.0,-0.013763000000000023,0.002091131511885016,3.8178663325643524e-05,0.03840033333333306,0.012825498036680738,0.00023416048619760867,-0.03093433333333364,0.013400672416792912,0.00024466168561382496,0.0,0.0,0.0,-0.006297000000000045,0.0043570009945679685,7.954759092657733e-05
SER  55,R SER  55,0.0,0.0,0.0,-0.001929666666666669,0.00045831563602179983,8.367660410215568e-06,0.011077333333333267,0.007411793725018461,0.00013532022049226176,-0.003710666666666659,0.0072998826170167334,0.00013327701254933034,0.0,0.0,0.0,0.005436999999999955,0.0021172382167971775,3.8655304365060914e-05
CYX  56,R CYX  56,0.0,0.0,0.0,-0.002030333333333333,0.00045101354993173204,8.234343167936407e-06,0.015951999999999966,0.01092402685215799,0.00019944453085730276,-0.009298000000000002,0.011040011896128849,0.00020156211835450504,0.0,0.0,0.0,0.004623666666666676,0.0014116325851847426,2.5772766993833883e-05
ASP  57,R ASP  57,0.0,0.0,0.0,-0.0023033333333332866,0.0005621288899257571,1.0263022441255856e-05,0.16822133333333342,0.12438733729050622,0.0022709916834004595,-0.14506333333333357,0.12304465580520839,0.002246477785499054,0.0,0.0,0.0,0.020854666666666598,0.0034478319113444194,6.294851041098302e-05
LYS  58,R LYS  58,0.0,0.0,0.0,-0.032015000000000376,0.0066299905731430925,0.00012104651309856921,-0.5682603333333325,0.33576808647223033,0.006130258501706192,0.6563996666666674,0.33321132923900054,0.00608357871468271,0.0,0.0,0.0,0.05612433333333332,0.0500723563910821,0.0009141919700944546
THR  59,R THR  59,0.0,0.0,0.0,-0.019440333333333493,0.007940346752853229,0.00014497023436502038,0.002833666666666678,0.033463193709241536,0.000610951534690552,0.04604166666666681,0.0327647564295674,0.0005981998729212164,-1.578000000000009e-05,0.0006388547029176549,1.1663837725208701e-05,0.029419219999999992,0.013054869211579235,0.000238348211748721
ASP  60,R ASP  60,0.0,0.0,0.0,-0.12363700000000004,0.03708006514287618,0.0006769862704171434,0.7570946666666657,0.5841157907797283,0.010664446493500844,-0.4205703333333345,0.5797073707655346,0.010583960124009806,-0.0032175024000000007,0.008929382211109243,0.00016302746872032964,0.2096698309333333,0.07836844225549808,0.0014308054539959112
SER  61,R SER  61,0.0,0.0,0.0,-0.02406933333333366,0.005460206915083768,9.968928320123582e-05,0.08912566666666677,0.05258489524463123,0.0009600644436510221,-0.0674939999999999,0.05390912690815907,0.0009842414954335818,0.0,0.0,0.0,-0.0024376666666666596,0.011736443863264345,0.00021427716829343195
GLY  62,R GLY  62,0.0,0.0,0.0,-0.019637000000000255,0.0032959415953545007,6.017538533317415e-05,0.07127066666666661,0.03773354925733263,0.0006889172034324463,-0.053920999999999886,0.03877196700796435,0.0007078760309702719,0.0,0.0,0.0,-0.0022873333333333213,0.009768628676647613,0.0001783499427363912
CYX  63,R CYX  63,0.0,0.0,0.0,-0.26491866666666725,0.06835139636385179,0.0012479200541819404,-0.26306100000000016,0.18870823850325102,0.00344532530050985,0.37631766666666644,0.16061681757489982,0.0029324484700154947,-0.005234868000000015,0.007461606568916354,0.00013622967443414043,-0.15689686799999958,0.09412432784296887,0.0017184672523201873
SER  64,R SER  64,0.0,0.0,0.0,-0.6807703333333347,0.14577751170838246,0.002661521051321818,-0.8427790000000012,0.5798865034001599,0.010587230623502126,0.6182896666666666,0.38688985912430307,0.00706361010374589,-0.0788505168,0.02108689917798531,0.0003849923449206566,-0.9841101834666642,0.3223286054707367,0.005884888271516853
GLY  65,R GLY  65,0.0,0.0,0.0,-0.802096333333334,0.41729885660026517,0.007618799899369293,-1.5820090000000009,0.5486373686255143,0.01001670208954904,1.5857570000000012,0.4090963308940781,0.0074690429541094715,-0.14669338319999992,0.04979711843672611,0.0009091668355517094,-0.9450417165333342,0.43927131784270007,0.00801996032158228
GLY  66,R GLY  66,0.0,0.0,0.0,-1.582393000000003,0.36124250195354746,0.006595355568318732,-0.4524616666666672,0.41424311363886485,0.007563009921039407,1.4103473333333318,0.4031588554067669,0.007360639978808327,-0.2148939624000002,0.041976560720521305,0.0007663836397704942,-0.8394012957333326,0.4497549982238861,0.008211365262597277
LEU  67,R LEU  67,0.0,0.0,0.0,-1.8420296666666673,0.3731492071364304,0.0068127412687930215,0.3006813333333343,0.20233404834140328,0.003694097414264244,0.050374999999999906,0.1567798936141579,0.0028623961431911474,-0.2775080040000003,0.04927500899122424,0.0008996344648587798,-1.7684813373333366,0.37638581111148806,0.006871833302354686
MET  68,R MET  68,0.0,0.0,0.0,-0.46651433333333353,0.11922350073659552,0.002176713357938905,-0.22842166666666666,0.1396023538384009,0.002548778609270336,0.0019530000000000018,0.11083575893035004,0.0020235748448119125,-0.01397801760000004,0.005705231640240973,0.00010416280217173931,-0.7069610176000004,0.16338158663346114,0.002982926016004373
ASN  69,R ASN  69,0.0,0.0,0.0,-0.034390333333333654,0.010568536948044892,0.0001929542028756997,0.023272000000000067,0.10732913249750364,0.001959552898211451,0.050009333333333246,0.09808952668976555,0.0017908615474329878,0.0,0.0,0.0,0.03889100000000035,0.02525207157838724,0.00046103764090725915
ASN  70,R ASN  70,0.0,0.0,0.0,-0.07137566666666684,0.03277843612125966,0.0005984496287785353,0.08603333333333334,0.16738265806893537,0.0030559752519843334,0.08009766666666675,0.1729294580492927,0.0031572455010246974,-0.002134667999999998,0.010639024240634854,0.00019424111888133267,0.09262066533333325,0.05104441452833366,0.0009319392423937589
ALA  71,R ALA  71,0.0,0.0,0.0,-0.018344333333333435,0.0033014796514423206,6.02764959413084e-05,0.0838466666666668,0.022131421604183736,0.00040406262807562006,-0.07654233333333357,0.023208709742008223,0.0004237311285429269,0.0,0.0,0.0,-0.011040000000000034,0.006256388734725481,0.00011422550795101168
PHE  72,R PHE  72,0.0,0.0,0.0,-0.011273333333333288,0.001523140031499114,2.7808605116373132e-05,0.031738333333333375,0.015427222602341917,0.00028166126063187394,-0.031940000000000364,0.015799675102143817,0.0002884612818232303,0.0,0.0,0.0,-0.011475000000000016,0.00470106814103637,8.582936884048326e-05
GLU  73,R GLU  73,0.0,0.0,0.0,-0.004833666666666631,0.0010798147474863713,1.9714629837501013e-05,-0.020464333333333164,0.15647232788757112,0.0028567807869789128,0.040468000000000275,0.15293724958077867,0.0027922393826063326,0.0,0.0,0.0,0.01517000000000039,0.008316996653440156,0.00015184688925947166
TRP  74,R TRP  74,0.0,0.0,0.0,-0.00694899999999998,0.0011283021167520027,2.0599884034196647e-05,-0.000830666666666669,0.012803228481736675,0.00023375390161132654,0.006736666666666667,0.013242255178866723,0.00024176939579016374,0.0,0.0,0.0,-0.0010429999999999678,0.0032972439501297267,6.019916296944967e-05
ILE  75,R ILE  75,0.0,0.0,0.0,-0.002702666666666656,0.0005449093706502164,9.948638470035566e-06,0.024057666666666592,0.00790048571643287,0.00014424247473792155,-0.02144733333333355,0.007896490331504113,0.00014416952932287498,0.0,0.0,0.0,-9.233333333332977e-05,0.0011965817518618858,2.1846493913126805e-05
VAL  76,R VAL  76,0.0,0.0,0.0,-0.0009930000000000023,0.00030378336579425064,5.5463000680118114e-06,0.007915333333333337,0.0073491608288898825,0.0001341767054905451,-0.005511666666666662,0.007398188779844864,0.00013507182931342176,0.0,0.0,0.0,0.001410666666666675,0.0010175229181147915,1.8577341834331778e-05
GLN  77,R GLN  77,0.0,0.0,0.0,-0.001159666666666661,0.0004133278225439143,7.546299068393139e-06,0.006039000000000006,0.01598772901321506,0.0002918946607939233,0.0010916666666666605,0.015686616287636967,0.0002863971197222238,0.0,0.0,0.0,0.0059710000000000015,0.001999039519369267,3.649730127009443e-05
GLU  78,R GLU  78,0.0,0.0,0.0,-0.0011929999999999961,0.00042397051784294194,7.740607211324194e-06,0.07706300000000038,0.10243682458471662,0.001870231984808302,-0.06483766666666675,0.10128791955553654,0.0018492559447778666,0.0,0.0,0.0,0.011032333333333378,0.0025815927684711736,4.713321978612911e-05
ASN  79,R ASN  79,0.0,0.0,0.0,-0.0007256666666666601,0.00044989764267981507,8.213969582137789e-06,0.006552999999999964,0.009765851609903986,0.0001782992406664185,-0.0010343333333333352,0.010291184960386644,0.0001878904715420558,0.0,0.0,0.0,0.004793000000000182,0.001483290598635274,2.7081057340262703e-05
ASN  80,R ASN  80,0.0,0.0,0.0,-0.0002930000000000014,0.000455138440477186,8.309653021235905e-06,-0.001406666666666671,0.004941317862900655,9.021570857713028e-05,0.003010666666666664,0.004868869090684444,8.889298101691788e-05,0.0,0.0,0.0,0.0013110000000000758,0.0008927181339406922,1.6298728648441177e-05
GLY  81,R GLY  81,0.0,0.0,0.0,-0.0002583333333333354,0.0004377181995556346,7.991604390905628e-06,-0.008292000000000018,0.003122616851296121,5.7010922930021346e-05,0.00962833333333344,0.003157667475983748,5.76508568565567e-05,0.0,0.0,0.0,0.0010779999999999902,0.0007986964379537482,1.458213518887644e-05
ALA  82,R ALA  82,0.0,0.0,0.0,-0.00028566666666666736,0.00045173136068046615,8.247448539239785e-06,-0.0008459999999999961,0.005231088223304968,9.550616734012509e-05,0.0029063333333333254,0.005132792601390481,9.37115430259063e-05,0.0,0.0,0.0,0.0017746666666666796,0.0008655777774924575,1.5803215800260214e-05
VAL  83,R VAL  83,0.0,0.0,0.0,-0.0007579999999999857,0.0004282942913464526,7.819548154038059e-06,0.005530666666666718,0.004053853256128333,7.401289577324185e-05,-0.00292666666666666,0.004034842692789354,7.366581196085387e-05,0.0,0.0,0.0,0.0018460000000000956,0.000956878954378948,1.747013960384355e-05
TYR  84,R TYR  84,0.0,0.0,0.0,-0.0006013333333333276,0.0004896238919370073,8.939268343579025e-06,-0.01564266666666658,0.004136703142466074,7.552552082770585e-05,0.014646333333333319,0.004142372897533946,7.562903591924593e-05,0.0,0.0,0.0,-0.001597666666666648,0.0009482235437326381,1.731211414866174e-05
THR  85,R THR  85,0.0,0.0,0.0,-0.00025733333333333256,0.0004371646015963438,7.981497121235882e-06,0.008195666666666719,0.003919359797495136,7.155739240223219e-05,-0.006229666666666685,0.0038953288122513152,7.111864864566171e-05,0.0,0.0,0.0,0.0017086666666667157,0.0009576663766097185,1.7484515901112687e-05
GLU  86,R GLU  86,0.0,0.0,0.0,-0.0006659999999999872,0.0004716396929860459,8.61092329544228e-06,-0.23307100000000014,0.08346376035341924,0.001523832809325769,0.2353003333333332,0.08289012888490192,0.0015133597794923775,0.0,0.0,0.0,0.0015633333333335837,0.0024817981832177182,4.5311228270789444e-05
ASP  87,R ASP  87,0.0,0.0,0.0,-0.000143333333333333,0.0003504124553849197,6.397626874836438e-06,-0.12470599999999994,0.04536825135121189,0.0008283071553207661,0.12342766666666657,0.045210095862417844,0.0008254196443605743,0.0,0.0,0.0,-0.0014216666666665295,0.0007864671357120673,1.4358859698865868e-05
SER  88,R SER  88,0.0,0.0,0.0,-0.0001336666666666656,0.00034029382728590073,6.212886846141827e-06,0.008432666666666675,0.0022202401271531587,4.053585335733077e-05,-0.006967000000000023,0.002186910530100728,3.9927340952724976e-05,0.0,0.0,0.0,0.0013320000000000389,0.0007657954470135068,1.3981448025468328e-05
TYR  89,R TYR  89,0.0,0.0,0.0,-0.000842999999999988,0.0003638007696527886,6.64206293255244e-06,-0.008730333333333338,0.004840552298607653,8.837598949102981e-05,0.008267333333333285,0.004824230462525257,8.807799489762215e-05,0.0,0.0,0.0,-0.0013059999999999962,0.001020962291174371,1.864013590794535e-05
PRO  90,R PRO  90,0.0,0.0,0.0,-0.000454000000000002,0.0004978795034945642,9.089994499448166e-06,0.009607666666666617,0.0039137886021376475,7.145567675658004e-05,-0.00788066666666668,0.0038479119301541263,7.02529387812886e-05,0.0,0.0,0.0,0.0012729999999999784,0.0008939450020368113,1.6321128092818774e-05
TYR  91,R TYR  91,0.0,0.0,0.0,-0.005944999999999989,0.0009183182091921624,1.676611993807651e-05,0.0074466666666666926,0.006915814405324134,0.00012626491844384014,-0.004866666666666653,0.008144868868735037,0.00014870428024425878,0.0,0.0,0.0,-0.003364999999999973,0.0031208612593320952,5.697887035267229e-05
ALA  92,R ALA  92,0.0,0.0,0.0,-0.0007733333333333318,0.00041947056577967666,7.65844970289945e-06,0.0029359999999999976,0.005437085984238252,9.926715468874895e-05,0.003417333333333325,0.0051516178257147585,9.405524302632302e-05,0.0,0.0,0.0,0.005579999999999985,0.0018501171134102162,3.37783625680373e-05
SER  93,R SER  93,0.0,0.0,0.0,-0.003201000000000005,0.00060931573643466,1.1124532449604523e-05,0.002260333333333311,0.008972507632887409,0.00016381482759732384,0.004026666666666656,0.009111053116346574,0.00016634431048169197,0.0,0.0,0.0,0.0030859999999999807,0.004404687351750052,8.041822071037318e-05
GLY  94,R GLY  94,0.0,0.0,0.0,-0.0015806666666666593,0.000532440502675059,9.720989128150653e-06,0.000580666666666677,0.007634493623606564,0.000139386145759289,0.0028963333333333263,0.005894708352035372,0.00010762215781079589,0.0,0.0,0.0,0.0018963333333333757,0.0036919172826896237,6.74048792057428e-05
GLU  95,R GLU  95,0.0,0.0,0.0,-0.0011639999999999682,0.0005320751826576125,9.714319327675197e-06,-0.10951733333333281,0.0734633493624929,0.0013412511198573373,0.11502733333333369,0.07279896922041883,0.0013291212535049223,0.0,0.0,0.0,0.004346000000000155,0.0030250538287224546,5.5229673988621914e-05
GLY  96,R GLY  96,0.0,0.0,0.0,-0.0012746666666666614,0.0011569607695260187,2.11231170539312e-05,0.004640000000000002,0.016224910888301906,0.00029622498956780453,0.0024656666666666737,0.011982632761162624,0.00021877194205297275,0.0,0.0,0.0,0.0058310000000000054,0.00433563978362302,7.915759035690486e-05
ILE  97,R ILE  97,0.0,0.0,0.0,-0.001347666666666647,0.000807544357226899,1.474367535463942e-05,-0.013929000000000023,0.0058101026095356365,0.00010607747535540994,0.018454666666666657,0.006875411131141499,0.00012552725895494362,0.0,0.0,0.0,0.003178000000000008,0.0015795514131128421,2.8838531323368834e-05
SER  98,R SER  98,0.0,0.0,0.0,-0.0017586666666666467,0.0007116353623091868,1.2992624688503444e-05,-0.0029509999999999953,0.008591891468122762,0.00015686575895756719,0.008694333333333274,0.008288037637999034,0.0001513181723927969,0.0,0.0,0.0,0.003984666666666701,0.0029777673217063817,5.43663444366776e-05
PRO  99,R PRO  99,0.0,0.0,0.0,-0.0008383333333333348,0.00040603434446959705,7.41313898626071e-06,0.00899866666666672,0.007388278885429619,0.0001348909002229643,-0.00959933333333329,0.007319754063870924,0.00013363981387240717,0.0,0.0,0.0,-0.0014389999999999124,0.0012020589281173575,2.1946493012678587e-05
PRO 100,R PRO 100,0.0,0.0,0.0,-0.00044399999999999995,0.0004968541033341616,9.071273339504102e-06,-0.011958666666666652,0.0034312716139774328,6.264616213008661e-05,0.013211666666666632,0.003486000175304396,6.364536438270603e-05,0.0,0.0,0.0,0.0008089999999999863,0.0008429228908981272,1.5389596052745675e-05
CYX 101,R CYX 101,0.0,0.0,0.0,-0.0005566666666666643,0.0004967785108968279,9.069893216733952e-06,-0.000907999999999987,0.003571115978700964,6.519935923338854e-05,0.002713666666666664,0.0035945810913404694,6.56277716169571e-05,0.0,0.0,0.0,0.0012489999999999789,0.0008534238884243693,1.5581317160126635e-05
THR 102,R THR 102,0.0,0.0,0.0,-0.00028266666666666593,0.00045029570531176887,8.221237178231822e-06,-0.0027106666666666837,0.00427086480964005,7.797496654316208e-05,0.003948333333333327,0.00421145230954306,7.689024765979877e-05,0.0,0.0,0.0,0.0009550000000000371,0.0008408180540401913,1.5351167165180352e-05
THR 103,R THR 103,0.0,0.0,0.0,-0.00019566666666666924,0.00039671302250143825,7.2429557093364086e-06,-0.0022780000000000755,0.002580448798174481,4.7112333841575294e-05,0.002463333333333338,0.002571508420277004,4.694910562000633e-05,0.0,0.0,0.0,-1.0333333333395107e-05,0.000744016054187712,1.3583812534153195e-05
SER 104,R SER 104,0.0,0.0,0.0,-8.03333333333332e-05,0.0002718085519053593,4.962522506712636e-06,-0.002908999999999996,0.002435306756858387,4.4462414839202915e-05,0.0028910000000000025,0.002439628182052905,4.454131290785653e-05,0.0,0.0,0.0,-9.83333333333339e-05,0.0006303416181369746,1.1508410772930951e-05
GLY 105,R GLY 105,0.0,0.0,0.0,-4.766666666666645e-05,0.00021305998112164346,3.889925258731632e-06,-0.0021016666666666523,0.0010813558875576311,1.9742767076877818e-05,0.0021116666666666692,0.0010726278737546834,1.958341607547479e-05,0.0,0.0,0.0,-3.7666666666652155e-05,0.0006230954091380268,1.1376113702093596e-05
HID 106,R HID 106,0.0,0.0,0.0,-0.00022666666666667056,0.00041867515914954453,7.643927631109033e-06,0.008058666666666575,0.004296807910789291,7.8448620600198e-05,-0.007345666666666672,0.004302965786008069,7.856104750565223e-05,0.0,0.0,0.0,0.00048633333333318753,0.0007688605566391877,1.4037409014908715e-05
THR 107,R THR 107,0.0,0.0,0.0,-9.933333333333239e-05,0.0002991090473760703,5.460959080058503e-06,-0.0031829999999999797,0.002215440738694363,4.04482289132937e-05,0.003077666666666667,0.0021801302458543262,3.980355046512327e-05,0.0,0.0,0.0,-0.00020466666666664265,0.0006629063952692798,1.2102959540114015e-05
VAL 108,R VAL 108,0.0,0.0,0.0,-0.00016999999999999966,0.0003756327994198573,6.85808525270231e-06,0.0026216666666666485,0.002401776541553251,4.385023966318198e-05,-0.0017276666666666612,0.002395308168529112,4.3732143869326026e-05,0.0,0.0,0.0,0.0007239999999999736,0.0007130853151388302,1.301909708424058e-05
GLY 109,R GLY 109,0.0,0.0,0.0,-0.00010333333333333265,0.0003043937508483937,5.557444123442417e-06,0.0034486666666666732,0.0033387669713367254,6.0957266148477625e-05,-0.0021276666666666627,0.0033307708650634786,6.0811277889208766e-05,0.0,0.0,0.0,0.0012176666666666714,0.0007249973946313451,1.3236580905735417e-05
ALA 110,R ALA 110,0.0,0.0,0.0,-0.00022466666666667246,0.0004173626187807977,7.619964032189073e-06,0.004762666666666641,0.0027311181267426566,4.9863166840940206e-05,-0.004034000000000034,0.002631383159734276,4.8042263800856083e-05,0.0,0.0,0.0,0.0005039999999999809,0.000775876278797066,1.4165497991010676e-05
THR 111,R THR 111,0.0,0.0,0.0,-0.0002423333333333285,0.0004284949111586772,7.823210953925987e-06,0.0009693333333333823,0.004397316555456137,8.028364899714143e-05,0.0009940000000000012,0.004358894814055539,7.958216718168352e-05,0.0,0.0,0.0,0.0017210000000000584,0.0008492108101054305,1.550439722573268e-05
ILE 112,R ILE 112,0.0,0.0,0.0,-0.0009366666666666565,0.0003203990567331779,5.849659692537967e-06,0.012755999999999936,0.0036497210852340237,6.663448556616365e-05,-0.010685000000000052,0.003608200151506338,6.587642049911931e-05,0.0,0.0,0.0,0.0011343333333333253,0.0007854645476121298,1.4340555028258469e-05
THR 113,R THR 113,0.0,0.0,0.0,-0.000306666666666667,0.0004611097724210859,8.418674128036741e-06,0.006024666666666646,0.004371429006120871,7.981100917282633e-05,-0.0037643333333333157,0.0039190297977376885,7.155136745852802e-05,0.0,0.0,0.0,0.00195366666666661,0.0011699800093259282,2.1360814764597182e-05
GLY 114,R GLY 114,0.0,0.0,0.0,-0.0004669999999999998,0.0004989098114890011,9.108805263772531e-06,-0.00974799999999996,0.004465254304068332,8.152401691117525e-05,0.012504333333333418,0.004610854717101355,8.418230459785044e-05,0.0,0.0,0.0,0.002289333333333319,0.001087329858976689,1.9851836373681457e-05
HIE 115,R HIE 115,0.0,0.0,0.0,-0.003922000000000006,0.0008902711197530912,1.625405248613837e-05,0.0013890000000000172,0.024795046797025096,0.00045269354817089545,0.011983333333333318,0.022554180445220163,0.0004117811131962998,0.0,0.0,0.0,0.009450333333333392,0.0044116738949694315,8.054577695438114e-05
VAL 116,R VAL 116,0.0,0.0,0.0,-0.002063333333333313,0.0005335312132907948,9.740902688415613e-06,-0.033273999999999845,0.01020422742461888,0.00018630285141255358,0.03437166666666717,0.010067117953458481,0.0001837995864058151,0.0,0.0,0.0,-0.0009656666666666006,0.002994520755572602,5.4672218891484265e-05
GLU 117,R GLU 117,0.0,0.0,0.0,-0.009232000000000008,0.0034224030543853947,6.248424512538201e-05,-0.26067700000000044,0.30866685277874106,0.005635459934034755,0.33130066666666613,0.30443696380841956,0.0055582330805418415,0.0,0.0,0.0,0.06139166666666632,0.02566897473388604,0.00046864921632598503
LEU 118,R LEU 118,0.0,0.0,0.0,-0.0034116666666666475,0.00071194373997461,1.2998254868622878e-05,0.003388666666666665,0.01790347093598218,0.0003268711629758523,0.007940333333333343,0.017310654904486574,0.00031604787254582446,0.0,0.0,0.0,0.007917333333333339,0.002066518704380454,3.7729296996517485e-05
PRO 119,R PRO 119,0.0,0.0,0.0,-0.0016996666666666712,0.0005447934368995272,9.94652181902128e-06,-0.03975233333333391,0.013305850638804278,0.00024293048472225423,0.04345033333333356,0.013278310631333713,0.00024242767527807126,0.0,0.0,0.0,0.001998333333333276,0.0015921674604834522,2.9068867781083398e-05
GLN 120,R GLN 120,0.0,0.0,0.0,-0.006891666666666685,0.0024770810555076353,4.522510569567461e-05,0.039205666666666694,0.04249854940138802,0.0007759138056129297,-0.008315333333333327,0.04341663158539832,0.0007926756163404646,0.0,0.0,0.0,0.02399866666666652,0.006602322688939869,0.000120541368955351
ASP 121,R ASP 121,0.0,0.0,0.0,-0.0010596666666666617,0.00039256407827960153,7.167206697998719e-06,-0.22066033333333318,0.11124830617387135,0.0020311068925223524,0.22270200000000034,0.11039381562992152,0.0020155061009858133,0.0,0.0,0.0,0.0009820000000001817,0.0018345778806036096,3.349465629022054e-05
GLU 122,R GLU 122,0.0,0.0,0.0,-0.0013986666666666618,0.0004916620338764839,8.976479554100645e-06,-0.32257433333333285,0.1270797353680843,0.002320147922096228,0.3169376666666667,0.12604968245849876,0.002301341814962767,0.0,0.0,0.0,-0.007035333333333391,0.0031535300150076265,5.757531749964273e-05
ALA 123,R ALA 123,0.0,0.0,0.0,-0.00028533333333333253,0.0004515730530293217,8.244558250187868e-06,-0.0033530000000000088,0.0039779883106917215,7.262779770859083e-05,0.0033029999999999956,0.004002814551454186,7.308106077804602e-05,0.0,0.0,0.0,-0.0003353333333333582,0.0008817888384162742,1.6099187925229045e-05
GLN 124,R GLN 124,0.0,0.0,0.0,-0.0005800000000000018,0.0004935585071701055,9.011104260854733e-06,0.0009880000000000847,0.009488652310347831,0.00017323829702336723,0.005229333333333349,0.009421221057921415,0.00017200717642220812,0.0,0.0,0.0,0.005637333333333482,0.0015768553798268818,2.8789308715151992e-05
ILE 125,R ILE 125,0.0,0.0,0.0,-0.0022003333333333406,0.0005293391057617877,9.664365626511465e-06,0.007821999999999994,0.007017191936000224,0.0001281158104563557,-0.002666000000000001,0.007110446118212263,0.00012981839109566336,0.0,0.0,0.0,0.0029556666666666885,0.0013580750674720011,2.479494497465885e-05
ALA 126,R ALA 126,0.0,0.0,0.0,-0.00033833333333333084,0.0004731425671918435,8.63836189889588e-06,-0.0030956666666666828,0.0035384339128427295,6.460266907684105e-05,0.0018513333333333316,0.0035274964997226723,6.440298014728745e-05,0.0,0.0,0.0,-0.0015826666666667048,0.0009691058880340336,1.76933718495772e-05
ALA 127,R ALA 127,0.0,0.0,0.0,-0.00020466666666666647,0.00040345783202488684,7.366098520072024e-06,0.0032736666666666535,0.00354289522220961,6.468412106938272e-05,-0.0027696666666666594,0.0035275978449301423,6.440483044916166e-05,0.0,0.0,0.0,0.00029933333333334524,0.0007876544645690546,1.4380537258804161e-05
TRP 128,R TRP 128,0.0,0.0,0.0,-0.0012110000000000085,0.00041450251306035654,7.5677458848579e-06,-0.001089333333333337,0.00460883422232661,8.414541557900213e-05,0.000832666666666671,0.0045606285629163955,8.326530467705595e-05,0.0,0.0,0.0,-0.0014676666666666662,0.0012194074608414727,2.2263232436432403e-05
LEU 129,R LEU 129,0.0,0.0,0.0,-0.0008000000000000107,0.000401663208837091,7.33333333333277e-06,0.009523333333333392,0.004735129940725493,8.64512493751151e-05,-0.007578666666666718,0.004660165757662314,8.508259690616009e-05,0.0,0.0,0.0,0.0011446666666667217,0.001322020507489384,2.41366817812121e-05
ALA 130,R ALA 130,0.0,0.0,0.0,-0.0001450000000000021,0.0003521008378291693,6.428452379850145e-06,0.003467000000000002,0.0028235163065463845,5.1550119085970874e-05,-0.004130333333333328,0.002877732884677724,5.253997384708007e-05,0.0,0.0,0.0,-0.0008083333333333371,0.0007691535751865183,1.4042758777180062e-05
VAL 131,R VAL 131,0.0,0.0,0.0,-0.00016399999999999913,0.0003702755730533661,6.760276128482688e-06,0.004539333333333306,0.0032366319256631106,5.9092543867568985e-05,-0.0034799999999999926,0.0032072210193042315,5.855557663925465e-05,0.0,0.0,0.0,0.0008953333333333081,0.0007867940574819639,1.4364828446462932e-05
ASN 132,R ASN 132,0.0,0.0,0.0,-0.00033900000000000043,0.00047336983427337484,8.64251120913365e-06,0.01007466666666682,0.00817303033696123,0.00014921843595759046,-0.006883333333333319,0.007904917597434011,0.00014432338944447165,0.0,0.0,0.0,0.002852333333333171,0.0010816012306866254,1.9747246409080453e-05
GLY 133,R GLY 133,0.0,0.0,0.0,-0.0002986666666666696,0.0004576733429957385,8.3559337975855e-06,-0.009650000000000004,0.005845525354206047,0.00010672420323223427,0.015172333333333433,0.005688230646597072,0.00010385240791444709,0.0,0.0,0.0,0.0052236666666666785,0.0011771320609383414,2.1491392764615846e-05
PRO 134,R PRO 134,0.0,0.0,0.0,-0.0011129999999999717,0.00033600248014953565,6.134537925186082e-06,0.011249666666666587,0.006827786358370893,0.00012465775354352632,-0.00601600000000001,0.0065257242765331385,0.00011914287967720935,0.0,0.0,0.0,0.0041206666666666865,0.001744545658776397,3.18509003303181e-05
VAL 135,R VAL 135,0.0,0.0,0.0,-0.00432866666666665,0.0006693117526398042,1.2219904830804622e-05,-0.008604333333333302,0.011090135912402321,0.00020247725350069627,0.00724233333333332,0.011856121114803431,0.00021646216596970453,0.0,0.0,0.0,-0.0056906666666666035,0.004575548734547777,8.353770849586783e-05
ALA 136,R ALA 136,0.0,0.0,0.0,-0.015211666666666656,0.0025076278077542755,4.578281053780816e-05,0.08338599999999992,0.02652723764988154,0.00048431888163801495,-0.07133333333333339,0.026913074063650372,0.0004913632585489511,0.0,0.0,0.0,-0.0031590000000000264,0.013391753146370831,0.00024449884276026956
VAL 137,R VAL 137,0.0,0.0,0.0,-0.07250633333333326,0.016407822114941083,0.00029956447639617847,-0.04624400000000014,0.06230665933376087,0.0011375587599963544,0.07096700000000007,0.05691606607686997,0.0010391404424918748,0.0,0.0,0.0,-0.04778333333333322,0.026992932202502623,0.0004928212620172764
ALA 138,R ALA 138,0.0,0.0,0.0,-0.4534453333333338,0.11906595516024426,0.0021738369824054805,0.3356486666666667,0.12325662077506803,0.0022503477186788215,-0.30359333333333355,0.07971252487672136,0.0014553449330224,-0.02088903599999967,0.011732967128551833,0.0002142136920924818,-0.44227903600000107,0.13535244340200323,0.002471186215490615
VAL 139,R VAL 139,0.0,0.0,0.0,-0.20395500000000022,0.037140494185363596,0.0006780895487404367,-0.012212666666666618,0.07307254459021463,0.0013341160335454216,0.009723333333333337,0.07068082334614458,0.0012904493776573719,0.0,0.0,0.0,-0.20644433333333356,0.041089328313104495,0.0007501850663274342
ASP 140,R ASP 140,0.0,0.0,0.0,-0.06021533333333331,0.009834105529001652,0.00017954538103734933,-0.3300066666666668,0.27597764514942413,0.005038639387183193,0.32538900000000004,0.2701507005586563,0.004932254420726651,0.0,0.0,0.0,-0.06483299999999981,0.03057560756005743,0.0005582316656689649
ALA 141,R ALA 141,0.0,0.0,0.0,-0.032182333333333576,0.005994810635501979,0.00010944976710121046,-0.005848666666666651,0.02304819077980347,0.00042080046665936483,0.08200833333333356,0.02973211950997551,0.0005428317512684344,0.0,0.0,0.0,0.04397733333333345,0.011049592129223716,0.00020173702868024558
SER 142,R SER 142,0.0,0.0,0.0,-0.011678666666666827,0.0019389202035014876,3.539967775534239e-05,0.013374000000000016,0.0260281666149065,0.00047520713284957233,0.0217546666666667,0.02680030742775582,0.0004893044308751706,0.0,0.0,0.0,0.023450000000000117,0.006839359131770424,0.00012486904251165362
SER 143,R SER 143,0.0,0.0,0.0,-0.003120999999999989,0.0005450006116206077,9.950304294623966e-06,0.010792333333333298,0.012759122536008957,0.00023294864089815423,0.006011333333333317,0.012989016060588315,0.00023714590320603697,0.0,0.0,0.0,0.013682666666666713,0.003400779257104796,6.208945040706525e-05
TRP 144,R TRP 144,0.0,0.0,0.0,-0.01629766666666653,0.0022201489189314053,4.0534188130647964e-05,-0.004030333333333317,0.01004974692329224,0.0001834824362368433,0.002320666666666665,0.012249183900253091,0.0002236384777732576,0.0,0.0,0.0,-0.01800733333333338,0.00798857180950101,0.00014585069941045218
MET 145,R MET 145,0.0,0.0,0.0,-0.0031740000000000067,0.0012880439951078195,2.3516358372654218e-05,-0.0034743333333333267,0.010008296952473404,0.00018272566676932975,0.006659666666666664,0.010262577968305769,0.00018736818171322025,0.0,0.0,0.0,1.1333333333251556e-05,0.0021230178729555304,3.8760825966812695e-05
THR 146,R THR 146,0.0,0.0,0.0,-0.0007839999999999753,0.0004187409700519219,7.645129168301095e-06,0.004441000000000041,0.00605589401602548,0.00011056499194792356,-0.000327000000000001,0.005569027832575432,0.00010167607224252225,0.0,0.0,0.0,0.003329999999999974,0.0014428328616532893,2.6342403501241235e-05
TYR 147,R TYR 147,0.0,0.0,0.0,-0.001348999999999999,0.00047665396253469047,8.702470913482409e-06,-0.004007666666666644,0.004805580910658835,8.773750222280207e-05,0.005122333333333325,0.004955068235879556,9.046675489228541e-05,0.0,0.0,0.0,-0.000234333333333292,0.0010724215070992045,1.957964835306403e-05
THR 148,R THR 148,0.0,0.0,0.0,-0.0003329999999999987,0.0004712865370451414,8.604475579603934e-06,0.00027433333333338203,0.003935192653761946,7.184645948646783e-05,0.0009309999999999761,0.003949629391896592,7.21100370575725e-05,0.0,0.0,0.0,0.0008723333333333668,0.0008552004963100187,1.5613753433953692e-05
GLY 149,R GLY 149,0.0,0.0,0.0,-0.00016166666666666632,0.0003681447481026374,6.721372765429057e-06,0.003344999999999995,0.0030096469892663593,5.4948384871623113e-05,-0.002403666666666664,0.003018728190627481,5.511418416611421e-05,0.0,0.0,0.0,0.0007796666666666713,0.0007315188916828219,1.3355646607195326e-05
GLY 150,R GLY 150,0.0,0.0,0.0,-0.00015033333333333416,0.00035739784865360287,6.525162123713188e-06,-0.012111666666666576,0.004073556663272217,7.437262912498899e-05,0.012441333333333292,0.00403896334334551,7.374104440289396e-05,0.0,0.0,0.0,0.00017933333333333657,0.0007329207930526094,1.3381241707316327e-05
VAL 151,R VAL 151,0.0,0.0,0.0,-0.00031966666666666856,0.0004663473907816944,8.514299518827026e-06,0.01001533333333335,0.0031786419881591893,5.8033797304928566e-05,-0.007270999999999951,0.0031932573233822317,5.830063559783391e-05,0.0,0.0,0.0,0.002424666666666676,0.0009809815945719558,1.791019159481492e-05
MET 152,R MET 152,0.0,0.0,0.0,-0.001480000000000005,0.0004995998398718762,9.121403400793184e-06,-0.009807999999999976,0.010144118295840244,0.00018520541388775217,0.011883000000000019,0.009009290260614292,0.0001644863834283348,0.0,0.0,0.0,0.0005949999999999998,0.002258091007909118,4.122691273104668e-05
THR 153,R THR 153,0.0,0.0,0.0,-0.0004670000000000026,0.0004989098114890081,9.10880526377266e-06,-0.0007553333333333754,0.00534635123757833,9.761057243891044e-05,0.0059526666666666825,0.005408058144000422,9.873718125895176e-05,0.0,0.0,0.0,0.004730333333333317,0.001184178993602154,2.162005156398885e-05
SER 154,R SER 154,0.0,0.0,0.0,-0.0006103333333333191,0.00048767464108312415,8.903680054815423e-06,0.007191666666666647,0.005731631288055989,0.00010464479159235518,-0.0007540000000000031,0.005617842171747682,0.00010256729606566723,0.0,0.0,0.0,0.005827333333333336,0.00130084058293937,2.374999103313543e-05
CYX 155,R CYX 155,0.0,0.0,0.0,-0.002725666666666664,0.0005251106761649403,9.58716541741094e-06,0.0007483333333333516,0.0072112641440704285,0.00013165906799451858,0.00882799999999999,0.006933571662570364,0.00012658912012227956,0.0,0.0,0.0,0.006850666666666695,0.0023367426521167974,4.266288872162723e-05
VAL 156,R VAL 156,0.0,0.0,0.0,-0.005410000000000029,0.0008966047066567417,1.6369687433373326e-05,-0.032838999999999785,0.017375837984588666,0.0003172379473238105,0.05021766666666681,0.018252733710019092,0.0003332477996370805,0.0,0.0,0.0,0.011968666666666742,0.003792494986446388,6.924116844339786e-05
SER 157,R SER 157,0.0,0.0,0.0,-0.007561666666666659,0.0014844293703493725,2.7101848372118057e-05,-0.006892000000000027,0.014424574031838935,0.00026335548598804755,0.03701866666666713,0.01503603399245251,0.0002745191664360234,0.0,0.0,0.0,0.022564999999999977,0.0070072183021034525,0.00012793371764750368
GLU 158,R GLU 158,0.0,0.0,0.0,-0.028509666666667013,0.009804416006177737,0.00017900332699160855,-0.07693433333333344,0.25622624251734194,0.0046780297617179155,0.16733533333333367,0.2533267025369063,0.004625091646595492,-3.480000000000028e-05,0.0005454736135139826,9.958940088182101e-06,0.061856533333333276,0.014669427553654682,0.00026782587922748316
GLN 159,R GLN 159,0.0,0.0,0.0,-0.7077440000000021,0.3941531045131178,0.007196218215084197,-0.025710666666666774,0.5076670046591131,0.009268689005095882,0.7583556666666679,0.620778103002907,0.011333805673998588,-0.17082926399999962,0.09846020077067384,0.0017976290992861867,-0.1459282640000001,0.3515770347171861,0.006418889087179324
LEU 160,R LEU 160,0.0,0.0,0.0,-2.011596666666663,0.4190566333908798,0.0076508923660119155,0.49222166666666595,0.5507239198218,0.010054797128135545,0.2628560000000006,0.41552235390810577,0.007586365546103814,-0.26045503920000024,0.06188375270021556,0.0011298375765659765,-1.5169740392000057,0.558013094062636,0.010187878633378594
ASP 161,R ASP 161,0.0,0.0,0.0,-1.9811419999999937,0.4019076102406523,0.007337795472059985,-0.12295466666666671,0.8619372513577894,0.01573674919075539,1.5854013333333326,0.9447718875994469,0.017249095817831746,-0.2399568456000003,0.040662085859111206,0.0007423847220082346,-0.7586521789333319,0.48977440466609123,0.008942016317476055
HIE 162,R HIE 162,0.0,0.0,0.0,-1.5357190000000007,0.25891825229661225,0.004727178911088943,-0.5922963333333326,0.33989323596274196,0.006205573082673998,0.7830926666666664,0.229554278431532,0.004191068548959056,-0.0555381816,0.014085995890715705,0.00025717392314233555,-1.4004608482666685,0.3869231813851476,0.007064218482210277
GLY 163,R GLY 163,0.0,0.0,0.0,-0.4739883333333333,0.18823320163356522,0.0034366523535373983,0.37027299999999996,0.1395337634326073,0.0025475263255209496,-0.07204899999999995,0.05998485307975668,0.0010951685713471988,-0.007434794399999935,0.005577479696347607,0.00010183038145722161,-0.1831991277333331,0.2281401528708748,0.004165250266668504
VAL 164,R VAL 164,0.0,0.0,0.0,-0.06496166666666667,0.010833752684190468,0.00019779635758544205,-0.12913166666666653,0.032180423612639265,0.0005875314640904805,0.1359503333333332,0.02445753871281476,0.0004465315218021503,0.0,0.0,0.0,-0.05814299999999998,0.026151556059503298,0.00047745990558836234
LEU 165,R LEU 165,0.0,0.0,0.0,-0.008256333333333282,0.001047835811990001,1.9130777026288857e-05,-0.007783333333333273,0.008408431614886452,0.00015351625562376337,0.009506666666666714,0.007866508472985468,0.00014362213798198864,0.0,0.0,0.0,-0.006532999999999947,0.00403239932711694,7.362120241102004e-05
LEU 166,R LEU 166,0.0,0.0,0.0,-0.00410999999999999,0.0006776675684528479,1.2372460457710036e-05,0.0007969999999999864,0.007406964582967428,0.00013523205282443685,0.004214666666666678,0.007362240480240317,0.00013441550616017628,0.0,0.0,0.0,0.0009016666666666145,0.002558123769918498,4.670473645581723e-05
VAL 167,R VAL 167,0.0,0.0,0.0,-0.0010626666666666588,0.0002956454332848205,5.397722427782828e-06,0.008987666666666646,0.0034587350128173853,6.314757289843339e-05,-0.006066666666666686,0.0036562579534575104,6.675383190554508e-05,0.0,0.0,0.0,0.0018583333333332815,0.0014150137415900794,2.5834498181622417e-05
GLY 168,R GLY 168,0.0,0.0,0.0,-0.00031099999999999807,0.0004629027975720176,8.451410138748057e-06,-0.01730633333333314,0.004819110556478723,8.798451862982235e-05,0.01677633333333356,0.004863843461935662,8.880122600920607e-05,0.0,0.0,0.0,-0.000841000000000011,0.0011268180864718099,2.057278947218057e-05
TYR 169,R TYR 169,0.0,0.0,0.0,-0.00046833333333333324,0.0004989962146371653,9.110382762215499e-06,-0.001867000000000021,0.0024348807636787825,4.4454637303409154e-05,0.0003383333333333349,0.0024384142160200958,4.451914902184938e-05,0.0,0.0,0.0,-0.001997000000000031,0.0009257380839092316,1.690158769662321e-05
ASN 170,R ASN 170,0.0,0.0,0.0,-0.0001576666666666687,0.0003644281669806717,6.653517588185774e-06,0.0006333333333334678,0.0027060836810580127,4.940610248706963e-05,-0.0005486666666666615,0.0026881774908332134,4.9079181676899594e-05,0.0,0.0,0.0,-7.299999999998856e-05,0.0007241116396430085,1.3220409306150929e-05
ASP 171,R ASP 171,0.0,0.0,0.0,-0.00014866666666666782,0.0003557595942330865,6.495251827011543e-06,-0.19951100000000013,0.06634998527254127,0.0012113794541302135,0.1976699999999995,0.06601632449629517,0.0012052876696733912,0.0,0.0,0.0,-0.0019896666666668044,0.0007942878711286214,1.4501646138996742e-05
SER 172,R SER 172,0.0,0.0,0.0,-4.8333333333333395e-05,0.00021446963006967274,3.915661809631601e-06,0.005911999999999975,0.002778894744318289,5.0735444546522594e-05,-0.005831333333333295,0.002748615085618392,5.018261614307289e-05,0.0,0.0,0.0,3.2333333333327734e-05,0.0006212524088931748,1.134246527517383e-05
ALA 173,R ALA 173,0.0,0.0,0.0,-5.166666666666575e-05,0.0002213531617624209,4.041337329078931e-06,0.0008506666666666687,0.0020613182405656958,3.7634349951823066e-05,-0.0008226666666666528,0.0020403969112786956,3.7252380485706955e-05,0.0,0.0,0.0,-2.366666666666421e-05,0.0006113699552826118,1.1162037182973705e-05
ALA 174,R ALA 174,0.0,0.0,0.0,-4.100000000000025e-05,0.00019829019138626198,3.620267025142409e-06,0.00040100000000000275,0.001731723322781858,3.161679757484745e-05,-0.0003273333333333423,0.0017342201577526617,3.166238333604335e-05,0.0,0.0,0.0,3.2666666666641754e-05,0.0006112279080306796,1.1159443766836543e-05
VAL 175,R VAL 175,0.0,0.0,0.0,-0.00014166666666666765,0.0003487079325484643,6.366506687926127e-06,-0.0009489999999999915,0.001851413604069426,3.38020331406921e-05,0.0016909999999999948,0.0018365326932383661,3.353034612274562e-05,0.0,0.0,0.0,0.000600333333333323,0.0006989992052133485,1.276192107911779e-05
PRO 176,R PRO 176,0.0,0.0,0.0,-0.00019300000000000396,0.0003946530121511893,7.20534523808556e-06,-0.0024150000000000213,0.002831508726221191,5.1696040037468865e-05,0.003332000000000002,0.0027599111096797166,5.038885238268984e-05,0.0,0.0,0.0,0.0007239999999999943,0.0008204616586613285,1.4979511933897114e-05
TYR 177,R TYR 177,0.0,0.0,0.0,-0.00045033333333332104,0.0004975271070225285,9.08356064955086e-06,0.010419666666666697,0.005063089954651152,9.243895262800815e-05,-0.005577333333333321,0.0050016016990116095,9.131633580682742e-05,0.0,0.0,0.0,0.00439200000000007,0.0012579093767040082,2.2966178030601627e-05
TRP 178,R TRP 178,0.0,0.0,0.0,-0.0020906666666666704,0.0004325654735282012,7.897528914976652e-06,0.0074203333333333074,0.006496587813785207,0.00011861092308077763,-0.014336666666666817,0.006446290061388098,0.00011769261596145411,0.0,0.0,0.0,-0.009007000000000093,0.0022676605419092726,4.140162771893659e-05
ILE 179,R ILE 179,0.0,0.0,0.0,-0.0008979999999999949,0.0003102622546598653,5.664587853987352e-06,-0.011263999999999996,0.004868911993454004,8.889376431074012e-05,0.012440000000000149,0.005066793858051871,9.250657634278795e-05,0.0,0.0,0.0,0.00027799999999997775,0.0017200918580122075,3.1404437053808644e-05
ILE 180,R ILE 180,0.0,0.0,0.0,-0.004674999999999955,0.0006683624266317397,1.220257258850318e-05,0.03332133333333342,0.009155512632045176,0.00016715602646982127,-0.025798333333333655,0.008648024662056008,0.00015789060617563553,0.0,0.0,0.0,0.0028480000000000315,0.0025469385544217575,4.650052329454652e-05
LYS 181,R LYS 181,0.0,0.0,0.0,-0.004109666666666667,0.0006284689508812228,1.1474220702975065e-05,0.3871549999999998,0.09106317756553554,0.0016625785503580732,-0.35218133333333335,0.08993637631619544,0.0016420060682884538,0.0,0.0,0.0,0.03086399999999992,0.005246602456193353,9.578941718397031e-05
ASN 182,R ASN 182,0.0,0.0,0.0,-0.009412999999999925,0.0013956232777271166,2.5480478366347968e-05,-0.04367499999999988,0.016028621535656887,0.0002926412526930791,0.05344233333333338,0.015940054617917816,0.00029102424940326597,0.0,0.0,0.0,0.0003543333333336515,0.004931813177952525,9.004217756552793e-05
SER 183,R SER 183,0.0,0.0,0.0,-0.013907000000000056,0.0024670531003600895,4.5042021121009245e-05,-0.022399666666666568,0.01571364374958549,0.00028689057140826775,0.03298100000000029,0.017607800515679974,0.0003214729843496339,0.0,0.0,0.0,-0.0033256666666666708,0.005956196316069097,0.00010874476930800714
TRP 184,R TRP 184,0.0,0.0,0.0,-0.024786999999999948,0.005794735915754339,0.00010579691919480025,0.029166333333333554,0.03181011369395291,0.0005807705608993998,0.0072109999999999995,0.030762029825744695,0.0005616352550069027,0.0,0.0,0.0,0.011590333333333305,0.008440290667717341,0.00015409791968697093
THR 185,R THR 185,0.0,0.0,0.0,-0.0012636666666666562,0.00044886511213160024,8.195118239718774e-06,-0.011164666666666628,0.006982135649084929,0.00012747577315215967,0.01726700000000004,0.0067856007594513015,0.00012388755340585547,0.0,0.0,0.0,0.004838666666666699,0.0013769428294433408,2.5139421602703545e-05
THR 186,R THR 186,0.0,0.0,0.0,-0.0005456666666666713,0.000497910188242362,9.09055472373284e-06,0.0020806666666666565,0.004877789071108095,8.905583683326914e-05,-0.0001519999999999865,0.004728519430011914,8.633055851396652e-05,0.0,0.0,0.0,0.0013829999999999834,0.0010511791791443894,1.919181827990487e-05
GLN 187,R GLN 187,0.0,0.0,0.0,-0.0004169999999999983,0.000493062876314979,9.002055320869789e-06,0.005302000000000024,0.006499599679980454,0.00011866591198262178,-0.0031710000000000124,0.0063896603196100955,0.00011665870306153729,0.0,0.0,0.0,0.0017140000000000555,0.0010107113006854003,1.845297928369268e-05
TRP 188,R TRP 188,0.0,0.0,0.0,-0.0033840000000000003,0.0006136318114309644,1.1203332837449854e-05,-0.010852000000000025,0.006225385878267323,0.00011365947582337077,0.009655999999999972,0.007010206654110289,0.00012798827724096735,0.0,0.0,0.0,-0.004580000000000064,0.0029873511120500967,5.454131970859936e-05
GLY 189,R GLY 189,0.0,0.0,0.0,-0.00031199999999999886,0.00046330983153824903,8.458841528247247e-06,0.011659333333333249,0.004504806272810865,8.22461337603094e-05,-0.010018333333333258,0.004475637446839964,8.171358629496922e-05,0.0,0.0,0.0,0.0013289999999999908,0.0008295133111248743,1.514477174179649e-05
GLU 190,R GLU 190,0.0,0.0,0.0,-0.0004323333333333368,0.0004954000627999766,9.044726312834102e-06,-0.2351836666666669,0.06214675588118228,0.0011346393357296793,0.2352490000000005,0.06181009895100435,0.0011284928492363829,0.0,0.0,0.0,-0.00036700000000010157,0.0009371824795631154,1.711053281851142e-05
GLU 191,R GLU 191,0.0,0.0,0.0,-0.0003693333333333312,0.0004826243075335308,8.811474001214175e-06,-0.1988010000000001,0.051341828940930465,0.0009373692618173062,0.20080133333333353,0.0511992239350893,0.0009347656625335608,0.0,0.0,0.0,0.0016310000000002987,0.001020215173382719,1.8626495465691977e-05
GLY 192,R GLY 192,0.0,0.0,0.0,-0.0006470000000000099,0.00047790270976421804,8.725269814356887e-06,-0.0215909999999998,0.005676065450645109,0.00010363030283980173,0.022550666666667073,0.005602329832804069,0.00010228408080036449,0.0,0.0,0.0,0.00031266666666667674,0.0013794586699942225,2.518535435673035e-05
TYR 193,R TYR 193,0.0,0.0,0.0,-0.0013553333333333323,0.0004786142032530584,8.738259848802084e-06,0.004065333333333351,0.0046307376902126095,8.45453163606272e-05,-0.002832333333333326,0.0045131165752972,8.239785843135796e-05,0.0,0.0,0.0,-0.0001223333333332648,0.0016134955496960326,2.9458263633423826e-05
ILE 194,R ILE 194,0.0,0.0,0.0,-0.002532999999999977,0.0005204911142373853,9.502824141627142e-06,-0.009710666666666604,0.004620492710619687,8.435826947981973e-05,0.010846333333333446,0.004480779681656901,8.180747022847672e-05,0.0,0.0,0.0,-0.0013973333333332748,0.0013682566360965138,2.4980834134873262e-05
ARG 195,R ARG 195,0.0,0.0,0.0,-0.0007963333333333252,0.00040272391977075816,7.352699176844833e-06,0.22722833333333248,0.06178118535516339,0.0011279649616143602,-0.22015233333333353,0.061429019699340504,0.001121535325825267,0.0,0.0,0.0,0.006279666666665804,0.0014944742293605887,2.7285241567698127e-05
ILE 196,R ILE 196,0.0,0.0,0.0,-0.0024933333333333396,0.0005284778982028278,9.648642199620256e-06,0.0011080000000000005,0.004577809082956593,8.357897662291214e-05,-0.00012033333333333205,0.004608960825271689,8.414772702196435e-05,0.0,0.0,0.0,-0.001505666666666678,0.0014580699190672446,2.6620592836428724e-05
ALA 197,R ALA 197,0.0,0.0,0.0,-0.0004863333333333256,0.0004998131873232281,9.12529857451624e-06,-0.023008666666666747,0.008878584246500952,0.00016210002901728598,0.024908000000000173,0.008823918403973693,0.0001611019718480458,0.0,0.0,0.0,0.0014129999999999928,0.0010800143517565436,1.9718274096212605e-05
LYS 198,R LYS 198,0.0,0.0,0.0,-0.000666000000000002,0.00047163969298606305,8.610923295442594e-06,0.26126766666666673,0.0890197806925818,0.0016252713983163304,-0.2556816666666665,0.08855044699993882,0.001616702576634405,0.0,0.0,0.0,0.00492000000000014,0.0016735989165072153,3.055559595957356e-05
GLY 199,R GLY 199,0.0,0.0,0.0,-0.0002826666666666659,0.0004502957053117697,8.221237178231836e-06,0.015263999999999901,0.00584536602788941,0.00010672129434498005,-0.012429666666666705,0.005850389151348815,0.00010681300361257504,0.0,0.0,0.0,0.002551666666666654,0.0010801221638726956,1.9720242467145565e-05
SER 200,R SER 200,0.0,0.0,0.0,-0.0007056666666666508,0.0004564733167326294,8.334024415788717e-06,0.0033179999999999885,0.006825067227996134,0.00012460810924209124,0.004171666666666663,0.006355695389875869,0.00011603859112222016,0.0,0.0,0.0,0.006783999999999939,0.0019746756695720666,3.6052480266041285e-05
ASN 201,R ASN 201,0.0,0.0,0.0,-0.004303333333333289,0.0008925556316306795,1.629576177574649e-05,-0.038098333333333206,0.019131457442884213,0.00034929102664725954,0.04511633333333353,0.01863507803101964,0.00034022841994861373,0.0,0.0,0.0,0.0027146666666665927,0.004206255447412558,7.679536637256144e-05
GLN 202,R GLN 202,0.0,0.0,0.0,-0.003133666666666688,0.0005505753556256813,1.0052084729420484e-05,-0.041684000000000096,0.015428960129142329,0.0002816929833859691,0.050710666666666876,0.01661116952200695,0.0003032770751248505,0.0,0.0,0.0,0.005892999999999917,0.0051218698733956165,9.351212220883028e-05
CYX 203,R CYX 203,0.0,0.0,0.0,-0.011786666666666617,0.00173929743159506,3.17550812498471e-05,-0.05787600000000009,0.02565422559085832,0.00046837993504798,0.053003666666666734,0.02740914056579548,0.0005004201523238698,0.0,0.0,0.0,-0.016659000000000018,0.005597861407120858,0.0001022024988822568
LEU 204,R LEU 204,0.0,0.0,0.0,-0.04524933333333372,0.011924757141713215,0.00021771528264290523,-0.07776166666666673,0.037694732574842266,0.0006882085110121967,0.09048166666666674,0.03933936532137807,0.0007182352594818412,-2.229599999999998e-06,7.605478291231897e-05,1.3885640069078518e-06,-0.03253156293333333,0.012266921059596004,0.0002239623125158635
VAL 205,R VAL 205,0.0,0.0,0.0,-0.010457999999999884,0.0018991847373721021,3.46742107176075e-05,-0.03835099999999985,0.02045602924160369,0.00037347428842038783,0.05570933333333346,0.020562721436834665,0.00037542221248831285,0.0,0.0,0.0,0.0069003333333333,0.0035899489163806384,6.554320005976343e-05
LYS 206,R LYS 206,0.0,0.0,0.0,-0.007885333333333262,0.0017086597736892,3.119571670504156e-05,0.30778599999999945,0.2177602585505447,0.003975740191209685,-0.25065700000000024,0.21715424015585386,0.00396467585970851,0.0,0.0,0.0,0.04924366666666663,0.010763191590891579,0.00019650809416937442
GLU 207,R GLU 207,0.0,0.0,0.0,-0.04009533333333378,0.014696152950875339,0.00026831381599135115,-0.34276599999999957,0.3494458440311847,0.00637997904674373,0.4061309999999999,0.3452057838048683,0.0063025664923725975,-1.3567199999999983e-05,0.00034281232866418366,6.258868180008274e-06,0.0232560994666667,0.017749262221985234,0.00032405570993518596
GLU 208,R GLU 208,0.0,0.0,0.0,-0.1991676666666671,0.09514399729474306,0.0017370837843180423,-0.7267403333333338,0.7670241184212463,0.014003880393661013,1.0135913333333313,0.7262398692293249,0.013259265284550107,-0.014434768799999963,0.01977425199165386,0.0003610267957873425,0.07324856453333317,0.0764881819425609,0.0013964767544166641
ALA 209,R ALA 209,0.0,0.0,0.0,-0.010565999999999933,0.002112733774047211,3.857306486828934e-05,0.027654666666666883,0.019993100765569354,0.0003650224094592047,-0.015181999999999978,0.019858504710408755,0.00036256503294044906,0.0,0.0,0.0,0.0019066666666666453,0.0036852800285580678,6.728370007881789e-05
SER 210,R SER 210,0.0,0.0,0.0,-0.009517333333333254,0.0018314928943960619,3.3438332405705006e-05,-0.020498666666666585,0.02800553513543758,0.0005113087776227553,0.033495666666666896,0.027690972919386565,0.0005055656835737569,0.0,0.0,0.0,0.0034796666666667,0.005427791437489906,9.909746025822043e-05
SER 211,R SER 211,0.0,0.0,0.0,-0.00242933333333334,0.0005301002001718437,9.678261245737423e-06,-0.001282999999999996,0.006851392388899241,0.0001250887387239774,0.0037400000000000137,0.006155517849864456,0.00011238386598321535,0.0,0.0,0.0,2.766666666663107e-05,0.0022062565328829697,4.028054902343803e-05
ALA 212,R ALA 212,0.0,0.0,0.0,-0.0012463333333333178,0.0004362566777585169,7.964920775686732e-06,-0.007493666666666639,0.006764857221126093,0.00012350882994374915,0.008794333333333373,0.0065383000763872545,0.00011937248131916833,0.0,0.0,0.0,5.4333333333334916e-05,0.001331182890848903,2.4303963249429385e-05
VAL 213,R VAL 213,0.0,0.0,0.0,-0.0006136666666666721,0.0004869085015574006,8.88969232480092e-06,-0.0037173333333333147,0.003868690504837706,7.063230191685535e-05,0.003642999999999998,0.00384753830390292,7.024611733042655e-05,0.0,0.0,0.0,-0.0006880000000000237,0.0009615903493692044,1.755615751429289e-05
VAL 214,R VAL 214,0.0,0.0,0.0,-0.0002913333333333312,0.00045437674040626396,8.295746344205994e-06,0.000815666666666654,0.004530528433735797,8.271575401918818e-05,-0.0010443333333333294,0.004532148264221828,8.274532794240596e-05,0.0,0.0,0.0,-0.0005200000000000073,0.0007917912182723806,1.4456063702742649e-05
GLY 215,R GLY 215,0.0,0.0,0.0,-9.300000000000043e-05,0.00029043243620505024,5.30254655802287e-06,-0.1233703333333334,0.053407020636076614,0.0009750743310507689,0.12221799999999994,0.053170046166364913,0.0009707477889636381,0.0,0.0,0.0,-0.0012453333333338036,0.0007459746793440942,1.3619571973481447e-05
LM4 216,L LM4   1,0.0,0.0,0.0,-17.226761333333354,1.2349226549479606,0.02254649982963889,-4.279724333333332,1.9048275733885291,0.03477723433675749,10.85851966666664,1.5121294658903195,0.02760758061121222,-2.785592344800008,0.11673834507503106,0.002131340830780554,-13.433558344799998,1.3278302420946393,0.024242752537759323

