| Run on Fri Feb 13 18:40:03 2026
| GB non-polar solvation energies calculated with gbsa=2
idecomp = 2: Per-residue decomp adding 1-4 interactions to EEL and VDW.
Energy Decomposition Analysis (All units kcal/mol): Generalized Born solvent
DELTAS:
Total Energy Decomposition:
Residue,Location,Internal,,,van der Waals,,,Electrostatic,,,Polar Solvation,,,Non-Polar Solv.,,,TOTAL,,
,,Avg.,Std. Dev.,Std. Err. of Mean,Avg.,Std. Dev.,Std. Err. of Mean,Avg.,Std. Dev.,Std. Err. of Mean,Avg.,Std. Dev.,Std. Err. of Mean,Avg.,Std. Dev.,Std. Err. of Mean
ALA   1,R ALA   1,0.0,0.0,0.0,-5.700000000000016e-05,0.00023184261903282623,4.232847741178516e-06,-0.026656333333333674,0.14559659185533458,0.0026582179218346564,0.027040333333333198,0.144907195726169,0.002645631328134632,0.0,0.0,0.0,0.0003270000000000242,0.0009452006841585658,1.7256924536098746e-05
PRO   2,R PRO   2,0.0,0.0,0.0,-6.733333333333324e-05,0.000250598394958059,4.575279793103926e-06,0.0004686666666666691,0.006679846671560325,0.00012195675675631309,-0.0005553333333333271,0.0066273376923836206,0.00012099807834409141,0.0,0.0,0.0,-0.00015400000000002242,0.0006300402103570273,1.1502907844928127e-05
ALA   3,R ALA   3,0.0,0.0,0.0,-4.3666666666666816e-05,0.00020435236452972396,3.73094665774828e-06,0.0006606666666666709,0.0042540395965351635,7.766778158474949e-05,-0.0006073333333333377,0.00424293289548108,7.746500189452323e-05,0.0,0.0,0.0,9.666666666645618e-06,0.0006112063663135589,1.1159050470690062e-05
ALA   4,R ALA   4,0.0,0.0,0.0,-6.466666666666592e-05,0.000245936757905132,4.490170334144259e-06,-0.0011680000000000089,0.004564841289683589,8.334221819302253e-05,0.001555666666666663,0.004478195457497997,8.176028896629401e-05,0.0,0.0,0.0,0.0003229999999999942,0.0006449839791292172,1.1775742486617116e-05
VAL   5,R VAL   5,0.0,0.0,0.0,-0.00016599999999999775,0.00037208063642172495,6.793231925968568e-06,0.00048266666666666445,0.004137354173328172,7.553740697066595e-05,0.00022466666666667073,0.004233539680010386,7.729350602782971e-05,0.0,0.0,0.0,0.0005413333333333443,0.0008316398793281051,1.5183597387629248e-05
ASP   6,R ASP   6,0.0,0.0,0.0,-0.0001719999999999984,0.0003773804446443895,6.8899927431020596e-06,0.04625799999999983,0.15946192472185966,0.0029113631077784413,-0.04577333333333352,0.15855115669363298,0.002894734834654633,0.0,0.0,0.0,0.00031266666666675036,0.0012681638520140967,2.3153398278692134e-05
TRP   7,R TRP   7,0.0,0.0,0.0,-0.0004273333333333434,0.0004946913740460497,9.031787485608236e-06,-0.00227433333333334,0.012926397070422226,0.00023600264209129828,0.001339666666666671,0.012979456584241903,0.0002369713718449414,0.0,0.0,0.0,-0.0013620000000000175,0.0009927853074390275,1.8125696921468557e-05
ARG   8,R ARG   8,0.0,0.0,0.0,-0.00031999999999999634,0.0004664761515876223,8.516650358758e-06,-0.04567066666666656,0.16387346604282435,0.002991906464273725,0.04683733333333311,0.1624104518585206,0.0029651956019172854,0.0,0.0,0.0,0.0008466666666662377,0.0020107599447856672,3.671128598289841e-05
ALA   9,R ALA   9,0.0,0.0,0.0,-5.233333333333327e-05,0.00022269835103914758,4.065897012778173e-06,-0.0011373333333333242,0.004804769112269826,8.772268087980852e-05,0.0010756666666666668,0.004779394092234782,8.725939851746387e-05,0.0,0.0,0.0,-0.00011400000000001424,0.0006311397098371312,1.152298186716873e-05
ARG  10,R ARG  10,0.0,0.0,0.0,-0.00013766666666667105,0.0003445497867588412,6.290589679713738e-06,-0.039475333333333563,0.14634169851716558,0.0026718216460490636,0.03984066666666669,0.14565360258580032,0.002659258790604521,0.0,0.0,0.0,0.00022766666666650318,0.0010314235577858295,1.88311316313844e-05
GLY  11,R GLY  11,0.0,0.0,0.0,-4.633333333333355e-05,0.0002102059836340439,3.837818631964254e-06,-0.0005196666666666495,0.0031024097981336243,5.664199430209449e-05,0.0009146666666666593,0.0030316197357555135,5.534955050170486e-05,0.0,0.0,0.0,0.00034866666666668645,0.0006540373757583818,1.1941034138478273e-05
ALA  12,R ALA  12,0.0,0.0,0.0,-0.00015199999999999643,0.0003590208907570605,6.554794682774667e-06,0.002325666666666664,0.005708088520297763,0.000104214961426779,-0.0009343333333333299,0.00567720775459986,0.00010365115836125323,0.0,0.0,0.0,0.0012393333333333156,0.0009081407135216273,1.6580305139487737e-05
VAL  13,R VAL  13,0.0,0.0,0.0,-0.00038033333333332904,0.0004854687311134282,8.863405833141156e-06,-0.003615999999999957,0.010799963456728286,0.00019717945351605172,0.006582666666666664,0.010757036436160567,0.0001963957169330041,0.0,0.0,0.0,0.002586333333333411,0.0012958445980217812,2.365877724525813e-05
THR  14,R THR  14,0.0,0.0,0.0,-0.0003573333333333291,0.0004792141715582078,8.749213721286034e-06,0.0021690000000000927,0.013884539567446938,0.00025349585072212367,-0.0024870000000000256,0.01363054771460045,0.0002488586151479052,0.0,0.0,0.0,-0.0006753333333332693,0.0016147006602531457,2.9480265841304444e-05
ALA  15,R ALA  15,0.0,0.0,0.0,-0.0002550000000000002,0.0004358612164439531,7.957700672933158e-06,0.0043920000000000105,0.012932607471039909,0.00023611602797494658,-0.002959000000000002,0.013149853700073315,0.00024008238331409758,0.0,0.0,0.0,0.0011779999999999857,0.0014237214146969545,2.599347781442297e-05
VAL  16,R VAL  16,0.0,0.0,0.0,-0.0006663333333333338,0.0005167203197948216,9.4339791690969e-06,-0.004242333333333311,0.013070103591360306,0.0002386263521972441,0.009815666666666648,0.013053237959304517,0.00023831842929312617,0.0,0.0,0.0,0.004907000000000015,0.001965456096346742,3.588415465850526e-05
LYS  17,R LYS  17,0.0,0.0,0.0,-0.0012639999999999926,0.0005974702224100128,1.0908263941719754e-05,-0.05599333333333341,0.1964615465909013,0.00358688069167296,0.06972699999999989,0.19593999882021695,0.0035773585757122818,0.0,0.0,0.0,0.012469666666666709,0.005152191755834563,9.406572150875797e-05
ASP  18,R ASP  18,0.0,0.0,0.0,-0.0011493333333333282,0.0006047309778368656,1.1040826592780264e-05,0.040203666666666485,0.17591574551440467,0.0032117674012859224,-0.03235099999999998,0.17462692747397202,0.0031882369108437703,0.0,0.0,0.0,0.006703333333333288,0.0032432476864332894,5.9213330581198473e-05
GLN  19,R GLN  19,0.0,0.0,0.0,-0.014477999999999968,0.01091131748843073,0.00019921249068380418,0.0081259999999999,0.06649723395751145,0.0012140678350075849,0.015138000000000002,0.06576305667064654,0.0012006636529667898,-9.878400000000009e-06,0.0002212034385208331,4.0386037691855826e-06,0.008776121599999813,0.010013401463672536,0.0001828188619669565
GLY  20,R GLY  20,0.0,0.0,0.0,-0.0015439999999999963,0.0009338436700005031,1.7049574774756198e-05,0.006053666666666674,0.03185127082585908,0.0005815219838843072,0.0009686666666666692,0.03182087917634509,0.0005809671108176871,0.0,0.0,0.0,0.005478333333333353,0.0019471852905040162,3.555057690837665e-05
GLN  21,R GLN  21,0.0,0.0,0.0,-0.0035073333333333232,0.0021549817220158536,3.934440333864701e-05,-0.000723333333333232,0.04094987328701073,0.0007476389775424667,0.01742133333333333,0.04133657555025822,0.0007546991626297651,0.0,0.0,0.0,0.013190666666666876,0.0040148448980695745,7.330070385190783e-05
CYX  22,R CYX  22,0.0,0.0,0.0,-0.012921666666666614,0.010212322485877392,0.00018645064633440934,0.013013666666666661,0.04342491005427892,0.0007928267598120483,0.002113999999999957,0.03981907839214771,0.0007269935818148614,0.0,0.0,0.0,0.0022059999999999615,0.017145501761881086,0.00031303260249089467
GLY  23,R GLY  23,0.0,0.0,0.0,-0.08886433333333349,0.12506932182282834,0.0022834429604745407,0.0005083333333333698,0.2730004846098669,0.004984284121022201,0.06469766666666664,0.2778886448343812,0.005073529308344401,-0.011247343200000008,0.02540481711039806,0.0004638263800219409,-0.03490567653333334,0.12493557568505051,0.0022810011012532037
SER  24,R SER  24,0.0,0.0,0.0,-0.04560433333333333,0.03421774073813501,0.0006247276156380006,0.019331333333333284,0.06796693964633775,0.0012409008669630461,-0.019886999999999905,0.06476590845241573,0.0011824583005567533,-5.1024000000000005e-06,0.0002794233755329715,5.10154952912152e-06,-0.04616510240000005,0.05018729621847992,0.0009162904746351725
CYS  25,R CYS  25,0.0,0.0,0.0,-0.26619066666666613,0.25532654708475333,0.004661603645607477,-0.032414666666666654,0.20619696906491014,0.0037646243748682066,0.0387710000000001,0.18530880144324846,0.003383260355157102,-0.025427723999999922,0.030007796776128533,0.0005478649065105465,-0.28526205733333326,0.2868277871379704,0.005236734971158551
TRP  26,R TRP  26,0.0,0.0,0.0,-0.771096333333333,0.36855296008383487,0.006728825662440581,-0.16403099999999984,0.473167735627654,0.008638821409563565,0.11878466666666637,0.2753294347351103,0.0050268047383188776,-0.03894561120000046,0.036439819695481206,0.0006652970412878696,-0.8552882778666676,0.650078289435241,0.01186875144226846
ALA  27,R ALA  27,0.0,0.0,0.0,-0.0298103333333336,0.01380815072902738,0.00025210118772399,0.03168399999999974,0.07176006882196664,0.00131015361406381,-0.025074666666666537,0.07761281954820518,0.001417009733937663,0.0,0.0,0.0,-0.02320100000000008,0.024708485701610085,0.0004511131660188568
PHE  28,R PHE  28,0.0,0.0,0.0,-0.015419666666666627,0.008599004587095537,0.00015699562614808742,-0.004757666666666668,0.05267369623023951,0.0009616857204159003,0.007711333333333318,0.04972643835582385,0.0009078763997291607,0.0,0.0,0.0,-0.01246599999999998,0.017298193855621417,0.00031582036596070377
SER  29,R SER  29,0.0,0.0,0.0,-0.05924499999999972,0.08219037438573135,0.0015005840686953288,-0.01888433333333343,0.1387823221975897,0.002533806948352327,0.025645333333333336,0.1000787234042393,0.001827179144494069,-0.00019881119999999998,0.0012048093555557078,2.199670871770411e-05,-0.052682811200000006,0.129969903624166,0.002372914933724272
ALA  30,R ALA  30,0.0,0.0,0.0,-0.016033000000000058,0.012297258949321415,0.00022451620406752058,-0.03196166666666672,0.06192754527582155,0.001130637115949665,0.03831733333333337,0.060613689044271,0.0011066494927716992,0.0,0.0,0.0,-0.009677333333333373,0.017674007833224342,0.00032268175905933254
ILE  31,R ILE  31,0.0,0.0,0.0,-0.005086666666666649,0.001951193367033501,3.562375403929018e-05,-0.0034056666666666753,0.02589953219440227,0.00047285860039017995,0.00898399999999999,0.027156553733246012,0.0004958085687933323,0.0,0.0,0.0,0.000491666666666636,0.004352232824143886,7.946053644326737e-05
GLY  32,R GLY  32,0.0,0.0,0.0,-0.0015209999999999924,0.0008541422598138811,1.5594432767283367e-05,-0.012446666666666663,0.03149374258836543,0.0005749944411969628,0.023307666666666664,0.031624668765942145,0.0005773848152245192,0.0,0.0,0.0,0.009340000000000011,0.0035110872010437363,6.410338871264435e-05
ASN  33,R ASN  33,0.0,0.0,0.0,-0.0033329999999999927,0.0017957665958210445,3.278606241818161e-05,-0.005602333333333211,0.030770042702097412,0.0005617815494445322,0.02177333333333326,0.031000074551881855,0.0005659813372135849,0.0,0.0,0.0,0.01283800000000012,0.004631172205824403,8.455324949403278e-05
VAL  34,R VAL  34,0.0,0.0,0.0,-0.0016203333333333248,0.0006528296527851123,1.1918984234622375e-05,-0.008982000000000018,0.018382537256864135,0.00033561767732545416,0.014903000000000033,0.018960773305256317,0.00034617477490102235,0.0,0.0,0.0,0.004300666666666702,0.002169546701246408,3.96103222611193e-05
GLU  35,R GLU  35,0.0,0.0,0.0,-0.0008389999999999839,0.00048484946117322226,8.852099562626634e-06,0.08141966666666677,0.2205512628541392,0.004026696725048775,-0.08004,0.21955932015441013,0.004008586411968969,0.0,0.0,0.0,0.0005406666666666334,0.0030932743528859843,5.6475204654261634e-05
CYS  36,R CYS  36,0.0,0.0,0.0,-0.00048466666666667057,0.0005057320326901236,9.233361411910691e-06,-0.005548999999999977,0.01635908307332663,0.00029867462731206446,0.008758666666666633,0.016398102275026315,0.00029938701721028986,0.0,0.0,0.0,0.0027249999999999852,0.001687614193667138,3.0811478741246116e-05
GLN  37,R GLN  37,0.0,0.0,0.0,-0.0007506666666666826,0.00048425154161400657,8.841183094954768e-06,-0.01161033333333324,0.03414530460481422,0.0006234051188313924,0.019885666666666527,0.03420762967363988,0.0006245430137011883,0.0,0.0,0.0,0.007524666666666545,0.002534441073600805,4.6272351555959054e-05
TRP  38,R TRP  38,0.0,0.0,0.0,-0.0003786666666666655,0.00048505486516704874,8.855849709320648e-06,-0.0018846666666666773,0.005713320536741783,0.00010431048454103326,0.0014379999999999946,0.005737725100885648,0.0001047560488839558,0.0,0.0,0.0,-0.0008253333333334004,0.0008434995883552582,1.540012505961656e-05
PHE  39,R PHE  39,0.0,0.0,0.0,-0.00018133333333333174,0.0003852941156513464,7.034475947208223e-06,-0.002864,0.007475705362483668,0.00013648708200982132,0.003349666666666668,0.007442763816098336,0.00013588565440867634,0.0,0.0,0.0,0.0003043333333332929,0.0007423259990657393,1.3552956490362142e-05
LEU  40,R LEU  40,0.0,0.0,0.0,-0.0002076666666666647,0.0004056368107337148,7.405881046443643e-06,-0.0032666666666666716,0.008795011212171496,0.00016057420114723943,0.0036876666666666585,0.00870961812531923,0.00015901514381643994,0.0,0.0,0.0,0.00021333333333334374,0.0007627727198990806,1.3926260831276537e-05
ALA  41,R ALA  41,0.0,0.0,0.0,-8.666666666666592e-05,0.00028134597128012,5.136651164444077e-06,-0.001951666666666671,0.004891488923516933,8.930596077322956e-05,0.0019880000000000063,0.004873040392472298,8.896913821969685e-05,0.0,0.0,0.0,-5.033333333332712e-05,0.0006555912513822197,1.1969403896169387e-05
GLY  42,R GLY  42,0.0,0.0,0.0,-3.30000000000004e-05,0.000178636502428817,3.2614413991363153e-06,-0.0015286666666666762,0.004432137733519699,8.091939382061866e-05,0.0016179999999999955,0.0044124153627388115,8.05593142418129e-05,0.0,0.0,0.0,5.633333333332336e-05,0.0006064870613257699,1.1072888144104774e-05
HID  43,R HID  43,0.0,0.0,0.0,-0.00011533333333332973,0.00031942378677166344,5.831853780618678e-06,-0.0011666666666666624,0.004813822689805767,8.788797583456042e-05,0.0013710000000000044,0.004807358144899691,8.776994993225831e-05,0.0,0.0,0.0,8.900000000000337e-05,0.0006745954343160079,1.2316371218829072e-05
PRO  44,R PRO  44,0.0,0.0,0.0,-6.133333333333377e-05,0.00023994073342297747,4.380698405336617e-06,0.002289666666666661,0.0063299626030139675,0.00011556877686116229,-0.002311333333333329,0.006306483823987992,0.00011514011496465543,0.0,0.0,0.0,-8.299999999999544e-05,0.0006377912406631337,1.164442164968015e-05
LEU  45,R LEU  45,0.0,0.0,0.0,-0.0001613333333333339,0.0003678381286502112,6.715774685740266e-06,-0.0026420000000000198,0.006811644637432791,0.00012436304738770127,0.0033746666666666664,0.006858932732008877,0.00012522640592439326,0.0,0.0,0.0,0.0005713333333333264,0.0007395346885411124,1.3501994365717484e-05
THR  46,R THR  46,0.0,0.0,0.0,-0.00018233333333332973,0.0003861190087121878,7.0495363651066335e-06,0.0022393333333333263,0.007354865932761016,0.00013428086595998275,-0.0009486666666666569,0.00720176123520414,0.00013148556940958587,0.0,0.0,0.0,0.0011083333333332945,0.0009394664561453442,1.7152232335008096e-05
ASN  47,R ASN  47,0.0,0.0,0.0,-0.00031566666666666446,0.0004647808324600126,8.485698207812607e-06,-0.001818000000000031,0.012139091509114857,0.00022162847490538786,0.005001333333333352,0.012684452355366237,0.0002315853561544541,0.0,0.0,0.0,0.0028676666666668875,0.0016521161850450794,3.0163376738952303e-05
LEU  48,R LEU  48,0.0,0.0,0.0,-0.0007606666666666515,0.000450243884528731,8.220291064504575e-06,-0.0008186666666666688,0.009146025633513702,0.00016698281836653104,0.004263666666666661,0.009096967254102962,0.00016608713899860075,0.0,0.0,0.0,0.002684333333333389,0.0014170466549208137,2.587161393124562e-05
SER  49,R SER  49,0.0,0.0,0.0,-0.0009646666666666603,0.0005203379243871207,9.500027290408117e-06,0.0068886666666666575,0.022860393804326386,0.0004173717786693634,-0.0030323333333333443,0.02269879485542973,0.0004144213990167026,0.0,0.0,0.0,0.0028916666666666834,0.00218493262036965,3.989122942684429e-05
GLH  50,R GLH  50,0.0,0.0,0.0,-0.004257666666666664,0.0014726193971589835,2.6886228748121146e-05,-0.01212700000000002,0.027316689727466707,0.0004987322386701055,0.026675333333333544,0.029098246079254538,0.0005312588587147989,0.0,0.0,0.0,0.010290666666666611,0.0038272940252291163,6.987650906075777e-05
GLN  51,R GLN  51,0.0,0.0,0.0,-0.0023046666666666567,0.0011014436990706296,2.0109518660097194e-05,-0.007590000000000131,0.02491640490386452,0.00045490923392596457,0.011697000000000035,0.02459521344354108,0.0004490451069893921,0.0,0.0,0.0,0.0018023333333332919,0.0027110750430206516,4.9497231871723316e-05
MET  52,R MET  52,0.0,0.0,0.0,-0.0029786666666666585,0.0020857160774075604,3.8079791471577065e-05,-0.011059333333333341,0.02240477210080198,0.00040905330251238845,0.016557000000000103,0.02336678734871397,0.0004266172175772325,0.0,0.0,0.0,0.002519000000000028,0.0038312276970530884,6.994832775381817e-05
LEU  53,R LEU  53,0.0,0.0,0.0,-0.022712333333333518,0.024278239527519452,0.0004432579815245323,-0.05282033333333331,0.09525565977877067,0.0017391224530290085,0.07217533333333348,0.1096913727611349,0.002002681307499377,-3.210239999999999e-05,0.0004996908737952295,9.123065445237143e-06,-0.0033894357333333134,0.013562167182142527,0.0002476101631438579
VAL  54,R VAL  54,0.0,0.0,0.0,-0.01488633333333345,0.01233377800549693,0.00022518294776239148,-0.026986666666666687,0.05188875750637728,0.000947354765571945,0.031061333333333246,0.050090660189523246,0.0009145261502042627,0.0,0.0,0.0,-0.010811666666666669,0.01678879181345497,0.0003065199996495784
SER  55,R SER  55,0.0,0.0,0.0,-0.002723333333333333,0.002199876259146335,4.016406169515094e-05,-0.011935666666666588,0.024956152105020238,0.0004556349152149873,0.017400000000000033,0.026038689163115625,0.0004753992474167914,0.0,0.0,0.0,0.0027410000000000186,0.003333754490060648,6.0865751179678296e-05
CYX  56,R CYX  56,0.0,0.0,0.0,-0.006085999999999908,0.007093795692950993,0.000129514397312075,0.008505666666666698,0.036003054979944146,0.0006573228450538038,0.0018279999999999935,0.03364929542600685,0.0006143492716326453,0.0,0.0,0.0,0.004247666666666654,0.006188618145883299,0.00011298819194286932
ASP  57,R ASP  57,0.0,0.0,0.0,-0.07774233333333257,0.16391239308816316,0.0029926171716346947,-1.0933566666666688,2.3385674173424156,0.04269620422416796,1.2779886666666675,2.388583038652462,0.04360936035813958,-0.02564167679999998,0.04240106599142075,0.0007741340101922098,0.08124798986666698,0.19121034647149832,0.0034910073330272655
LYS  58,R LYS  58,0.0,0.0,0.0,-0.0605079999999992,0.10765020484266176,0.0019654148504125906,0.21475066666666706,0.9149616074820972,0.01670483705563774,-0.07817833333333309,0.868773109542352,0.01586155431500843,-0.012527800799999987,0.03618187828120368,0.0006605876969173834,0.06353653253333379,0.21965119251292056,0.004010263764074548
THR  59,R THR  59,0.0,0.0,0.0,-0.08449966666666614,0.12202898562727746,0.0022279342699177856,0.07702766666666651,0.15842444961102248,0.002892421490409918,-0.06406466666666663,0.1496464672204309,0.002732158191586247,-0.016942399200000024,0.032703158466775614,0.0005970752531306356,-0.08847906586666686,0.14290925249163142,0.0026091540421955962
ASP  60,R ASP  60,0.0,0.0,0.0,-0.0064746666666667205,0.00654650223826084,0.00011952223162178405,-0.20845533333333324,0.5456150046857425,0.009961521525988936,0.2372083333333335,0.5508067455383553,0.010056309311912173,-2.840880000000001e-05,0.0011339947439395666,2.0703816711599843e-05,0.022249924533333305,0.01110028582515665,0.0002026625647064381
SER  61,R SER  61,0.0,0.0,0.0,-0.006904666666666684,0.004137258942289577,7.553566829773218e-05,0.02422599999999998,0.05386991978213234,0.0009835256745222556,-0.015773999999999955,0.050607439413588175,0.0009239612048132752,0.0,0.0,0.0,0.0015473333333333222,0.012388102876909304,0.0002261747796792623
GLY  62,R GLY  62,0.0,0.0,0.0,-0.013271333333333437,0.011064042881735776,0.0002020008621177049,0.027537333333333504,0.07290599842415041,0.001331075330478109,0.0014723333333333335,0.06992168882320361,0.001276589540910849,-3.191999999999998e-07,1.7480389908694818e-05,3.191467955659274e-07,0.01573801413333332,0.013322873433994976,0.0002432412770195121
CYX  63,R CYX  63,0.0,0.0,0.0,-0.03524233333333351,0.03467684541432329,0.0006331096818848148,0.017544666666666566,0.08543731428103044,0.001559864809479288,0.03948999999999999,0.09704701558179596,0.0017718279857568328,-0.00039092639999999975,0.0026311063427583146,4.803720983745494e-05,0.021401406933333318,0.023591547581941187,0.00043072075923618813
SER  64,R SER  64,0.0,0.0,0.0,-0.31030900000000056,0.21627461598393732,0.003948616193005661,-0.05123300000000014,0.5820238128384445,0.010626252376559365,0.40252466666666625,0.5768998602226286,0.010532702228850365,-0.06501269999999999,0.05549250502925006,0.0010131498925663044,-0.0240300333333334,0.19632912504697364,0.0035844630161159987
GLY  65,R GLY  65,0.0,0.0,0.0,-0.8573679999999974,0.48433003338908465,0.008842616152147731,-0.7089600000000016,0.6417167290946981,0.01171609093511993,1.0741530000000024,0.6928789338147944,0.012650180722349729,-0.14256014399999997,0.0782849093603454,0.0014292803589636166,-0.6347351439999998,0.5052665571013886,0.009224863029246752
GLY  66,R GLY  66,0.0,0.0,0.0,-1.6984166666666682,0.6779193632398746,0.012377057580533925,-0.6596120000000002,1.04316275597627,0.019045459086582003,1.5211063333333315,0.5620134230543118,0.01026091431425135,-0.2245915152000002,0.07143890835236169,0.0013042900529377573,-1.0615138485333317,1.163483403261417,0.02124220350830526
LEU  67,R LEU  67,0.0,0.0,0.0,-2.3903856666666665,0.5884090977043349,0.010742831195130849,-0.35816333333333433,0.6174660271266396,0.011273335718345243,0.36230000000000023,0.33835565706319665,0.006177500861099833,-0.35883161280000037,0.11488999059009274,0.0020975946492583354,-2.7450806127999994,0.7317713457759095,0.013360255767245945
MET  68,R MET  68,0.0,0.0,0.0,-0.46864033333333266,0.3857408832016938,0.007042632769384443,-0.24917199999999975,0.6861374335724092,0.012527098330543699,0.2280690000000004,0.4498194951744543,0.00821254281042116,-0.022144173599999997,0.028130311680524617,0.000513586875235813,-0.5118875069333324,0.5880102916724461,0.010735550026473029
ASN  69,R ASN  69,0.0,0.0,0.0,-0.09146100000000008,0.05198584242207955,0.0009491272855160657,-0.0899076666666668,0.25232248111207906,0.004606757155691897,0.19770866666666678,0.23301680867458596,0.00425428541296454,-0.0032644247999999956,0.010639720714621466,0.00019425383469843876,0.013075575200000154,0.0661484237565982,0.001207699461163315
ASN  70,R ASN  70,0.0,0.0,0.0,-0.365776666666667,0.4821790864974838,0.008803345414396884,-1.1730363333333325,1.7212821113963928,0.03142616800806415,1.0453203333333303,1.1516767508231505,0.021026644512669862,-0.08234927760000013,0.10484962699490441,0.0019142835283703916,-0.5758419442666677,0.9574962917207537,0.017481410590100128
ALA  71,R ALA  71,0.0,0.0,0.0,-0.06342299999999952,0.07961366761429746,0.0014535400546023074,-0.07753033333333317,0.12004145567215072,0.0021916471035797807,0.09631499999999978,0.11729764323435213,0.002141552171388263,-0.0022042008000000015,0.006611902703506716,0.00012071627529133401,-0.04684253413333313,0.08530113754513988,0.0015573785738107987
PHE  72,R PHE  72,0.0,0.0,0.0,-0.018525666666666548,0.00780102607923448,0.00014242659850942694,-0.035731999999999986,0.06749732964594507,0.0012323270006148767,0.03783133333333322,0.07064785595866023,0.0012898474782644656,0.0,0.0,0.0,-0.0164263333333333,0.009940048954719628,0.00018147963450685292
GLU  73,R GLU  73,0.0,0.0,0.0,-0.013963000000000062,0.011808314768275405,0.00021558934549019426,0.18383633333333327,0.4649171247436355,0.008488186553084412,-0.14586933333333343,0.45306715719220014,0.0082718367352969,-3.9599999999998893e-07,2.1686198007026816e-05,3.9593399449907214e-07,0.02400360399999973,0.01883857790437522,0.00034394380231815694
TRP  74,R TRP  74,0.0,0.0,0.0,-0.026959333333333262,0.036208889510111156,0.000661080852230002,-0.028216333333333496,0.060708238319761326,0.0011083757184710934,0.04661600000000025,0.06580208110184149,0.0012013761383420994,-0.0011558736,0.007602732453429033,0.00013880626878065588,-0.009715540266666656,0.027234324254472312,0.0004972284577528183
ILE  75,R ILE  75,0.0,0.0,0.0,-0.004724333333333266,0.00348955697601993,6.371030238218765e-05,-0.02270666666666674,0.037256336672064384,0.0006802045335098871,0.02699600000000014,0.03792679770294335,0.000692445421194573,0.0,0.0,0.0,-0.0004350000000000665,0.003585123196395566,6.545509487002918e-05
VAL  76,R VAL  76,0.0,0.0,0.0,-0.001682666666666665,0.0010462470496440598,1.9101770327109296e-05,-0.016262999999999923,0.02890645540936055,0.0005277572561741335,0.02047833333333333,0.030622946688535775,0.0005590959559529724,0.0,0.0,0.0,0.0025326666666666926,0.0020323056419304076,3.710465479434337e-05
GLN  77,R GLN  77,0.0,0.0,0.0,-0.0024976666666666515,0.0020325668227365538,3.710942328164716e-05,-0.021671666666666742,0.04852898649833444,0.0008860140199333804,0.03226266666666652,0.05092569429625525,0.0009297717174223725,0.0,0.0,0.0,0.008093333333333298,0.004047380497171983,7.389471990358565e-05
GLU  78,R GLU  78,0.0,0.0,0.0,-0.002859333333333275,0.002873942626814767,5.2470773522736645e-05,-0.0025893333333333432,0.2334336408622848,0.004261895692694436,0.01867166666666668,0.23499815573153415,0.0042904596955424396,0.0,0.0,0.0,0.013223000000000056,0.00789163719811441,0.0001440809236351376
ASN  79,R ASN  79,0.0,0.0,0.0,-0.0010766666666666654,0.0008626251922024677,1.574930921471737e-05,-0.013874999999999995,0.024945822128498395,0.00045544631650967023,0.020200999999999997,0.02653984298496655,0.00048454902251704733,0.0,0.0,0.0,0.005249333333333342,0.002087382624777149,3.811021832449288e-05
ASN  80,R ASN  80,0.0,0.0,0.0,-0.0004289999999999993,0.0005002922479244799,9.13404498444016e-06,-0.002137999999999901,0.010698580404271709,0.00019532846069007846,0.005193333333333337,0.011170703747849607,0.00020394821419682436,0.0,0.0,0.0,0.0026263333333333043,0.0019373624395608376,3.537123700702366e-05
GLY  81,R GLY  81,0.0,0.0,0.0,-0.00035099999999999997,0.00047728293495577674,8.713954326251662e-06,0.00034700000000001554,0.007128996493195973,0.00013015707305662197,0.0014693333333333331,0.006863215443377973,0.0001253045971785312,0.0,0.0,0.0,0.0014653333333333504,0.0009678833722211764,1.7671051866656912e-05
ALA  82,R ALA  82,0.0,0.0,0.0,-0.0003820000000000013,0.00048587652752525497,8.87085114292873e-06,0.0035466666666666567,0.012654320298705094,0.00023103522258320972,-0.0016426666666666582,0.012449885389923077,0.00022730276888049565,0.0,0.0,0.0,0.0015219999999999778,0.001020546912199537,1.863255216013102e-05
VAL  83,R VAL  83,0.0,0.0,0.0,-0.0008783333333333394,0.0005299659318190596,9.675809852218127e-06,-0.0016846666666666698,0.009457407937108888,0.00017266785542276457,0.004289666666666673,0.009593526978587529,0.00017515303774022565,0.0,0.0,0.0,0.001726666666666613,0.0011126345112189827,2.0313834001779052e-05
TYR  84,R TYR  84,0.0,0.0,0.0,-0.0006883333333333322,0.0005264952252605933,9.612443709799689e-06,0.005904666666666664,0.013909310247296811,0.00025394809939274077,-0.0067660000000000125,0.013804054138790873,0.00025202639456127696,0.0,0.0,0.0,-0.0015496666666666543,0.0009893768521425268,1.8063467326397177e-05
THR  85,R THR  85,0.0,0.0,0.0,-0.00022033333333333402,0.00041447141705497364,7.5671781520713495e-06,-0.003379666666666689,0.011173160693773634,0.00020399307168699634,0.004822333333333326,0.011090450902565642,0.0002024830044079577,0.0,0.0,0.0,0.0012223333333333296,0.0009491581650190542,1.7329177920704895e-05
GLU  86,R GLU  86,0.0,0.0,0.0,-0.00041433333333333307,0.0004926065592561861,8.993724149320613e-06,0.03269399999999993,0.1683716099307324,0.003074030960084099,-0.031198000000000083,0.16749248976993988,0.0030579804953233115,0.0,0.0,0.0,0.0010816666666668175,0.0021426612476591307,3.911946328116897e-05
ASP  87,R ASP  87,0.0,0.0,0.0,-0.00012166666666666839,0.0003269004265657845,5.9683579229380415e-06,0.02392133333333335,0.09910931579938483,0.0018094802640742074,-0.02447433333333304,0.09869570410047686,0.0018019287821562098,0.0,0.0,0.0,-0.0006746666666662738,0.0008222884057446147,1.5012863620042868e-05
SER  88,R SER  88,0.0,0.0,0.0,-0.00011600000000000386,0.0003202249209540174,5.8464804227274685e-06,-0.0031840000000000162,0.007300831733439809,0.0001332943409651509,0.0043359999999999935,0.007546860539323673,0.00013778619185777266,0.0,0.0,0.0,0.0010359999999999835,0.0007819019546379696,1.4275511277086569e-05
TYR  89,R TYR  89,0.0,0.0,0.0,-0.0008323333333333363,0.000560554388281966,1.0234276105684745e-05,0.0015616666666666225,0.011980714943422835,0.00021873692765173055,-0.0019153333333333288,0.01170487782460315,0.00021370085391257142,0.0,0.0,0.0,-0.0011860000000000887,0.001155019768950679,2.1087679393956397e-05
PRO  90,R PRO  90,0.0,0.0,0.0,-0.00034499999999999716,0.00047536827828537054,8.678997637976355e-06,-0.004424333333333343,0.011962369102964259,0.00021840197996321212,0.005315999999999984,0.012065272921350149,0.00022028073804932435,0.0,0.0,0.0,0.0005466666666666429,0.0009091143431322383,1.6598081102833955e-05
TYR  91,R TYR  91,0.0,0.0,0.0,-0.002915000000000011,0.0009978852639457322,1.821880896216914e-05,-0.0009230000000000231,0.007381490657945264,0.00013476696471234238,0.001803333333333333,0.007563464079962937,0.00013808932964919193,0.0,0.0,0.0,-0.0020346666666666764,0.0022833013136440016,4.16871878354666e-05
ALA  92,R ALA  92,0.0,0.0,0.0,-0.0005219999999999986,0.0004995157655169518,9.11986842010319e-06,0.00034966666666666463,0.010943920681770667,0.00019980774083177037,0.004279333333333318,0.010722560618724418,0.00019576627750306382,0.0,0.0,0.0,0.0041069999999999735,0.0016973168040567586,3.098862336048209e-05
SER  93,R SER  93,0.0,0.0,0.0,-0.0019326666666666637,0.000818209155547736,1.4938387041691607e-05,0.0006369999999999282,0.018386840339402268,0.0003356962405045522,0.002908666666666666,0.01835212044666482,0.0003350623448896702,0.0,0.0,0.0,0.001612999999999939,0.0023521403727952577,4.294401135328578e-05
GLY  94,R GLY  94,0.0,0.0,0.0,-0.0008293333333333339,0.0005387079192124414,9.835415975310827e-06,-0.0013356666666666417,0.014911237190641032,0.0002722406989874685,0.002028333333333336,0.014569884370013183,0.00026600847765660554,0.0,0.0,0.0,-0.0001366666666666236,0.0016818607420222235,3.0706435566264955e-05
GLU  95,R GLU  95,0.0,0.0,0.0,-0.0008989999999999812,0.0005330406488565059,9.73194624819662e-06,-0.025535666666666443,0.19588464307993997,0.003576347922791045,0.031798999999999855,0.19526268272679967,0.0035649925322814176,0.0,0.0,0.0,0.005364333333333254,0.0023508001238346297,4.291954186700548e-05
GLY  96,R GLY  96,0.0,0.0,0.0,-0.0015009999999999932,0.0008430098852722159,1.5391184345447824e-05,-0.007982666666666636,0.02441010104216858,0.0004456654323925365,0.01750966666666671,0.02533263849705039,0.00046250858486527555,0.0,0.0,0.0,0.008026000000000007,0.0031966634688895975,5.836282302211821e-05
ILE  97,R ILE  97,0.0,0.0,0.0,-0.001907666666666657,0.0009418817453492711,1.7196329281004413e-05,0.00882366666666669,0.019668618996315182,0.0003590982099752148,-0.003309333333333362,0.018175156474949335,0.00033183143958386094,0.0,0.0,0.0,0.003606666666666622,0.00209935439811605,3.832879200152805e-05
SER  98,R SER  98,0.0,0.0,0.0,-0.002163333333333328,0.0012588310274043051,2.2983004993224726e-05,0.006640000000000019,0.02250913296123707,0.0004109586624250867,-0.0003760000000000012,0.020901992504702878,0.00038161642638765575,0.0,0.0,0.0,0.004100666666666714,0.0035734016784508566,6.524109021047854e-05
PRO  99,R PRO  99,0.0,0.0,0.0,-0.0008956666666666698,0.0006100119306665447,1.1137243159111465e-05,-0.012346999999999964,0.03145543817847741,0.000574295101552043,0.011756333333333339,0.03110784938278813,0.0005679490274142073,0.0,0.0,0.0,-0.0014863333333332172,0.0015970221942381174,2.915750268735379e-05
PRO 100,R PRO 100,0.0,0.0,0.0,-0.0006073333333333313,0.0005631573689673252,1.0281799813622128e-05,0.005270999999999991,0.011790627308728357,0.00021526641813756497,-0.0034413333333333405,0.011089599852514346,0.00020246746643093566,0.0,0.0,0.0,0.0012223333333333303,0.001187252243160209,2.1676161167581834e-05
CYX 101,R CYX 101,0.0,0.0,0.0,-0.0009629999999999976,0.0008416042221060748,1.536552056463617e-05,0.006367666666666677,0.01611954779831708,0.00029430133153070004,-0.0032636666666666725,0.014684032594019507,0.00026809252956285276,0.0,0.0,0.0,0.0021410000000000235,0.0015411421089569258,2.813727657989309e-05
THR 102,R THR 102,0.0,0.0,0.0,-0.00042833333333333146,0.0005068174117854301,9.25317763237549e-06,-0.002129666666666639,0.012257903024398385,0.0002237976664724598,0.00398866666666667,0.01288360217054562,0.00023522131769101187,0.0,0.0,0.0,0.0014306666666667287,0.0012593091580528806,2.2991734424613373e-05
THR 103,R THR 103,0.0,0.0,0.0,-0.0004093333333333327,0.0005129453078924518,9.365057196637618e-06,0.0007456666666666602,0.0064694395343714755,0.00011811526557969919,0.00048299999999999477,0.0062633625952837856,0.00011435283264236766,0.0,0.0,0.0,0.0008193333333333417,0.001155000529100389,2.1087328123956167e-05
SER 104,R SER 104,0.0,0.0,0.0,-0.0001079999999999996,0.00031038041175306054,5.666745097496428e-06,-0.0006226666666666722,0.005727386217891094,0.00010456728756943836,0.0008870000000000055,0.005892274405241707,0.00010757772022537397,0.0,0.0,0.0,0.00015633333333338407,0.0007623821584714498,1.3919130187809709e-05
GLY 105,R GLY 105,0.0,0.0,0.0,-4.900000000000021e-05,0.00021586801523153058,3.941192712872603e-06,0.00018966666666666088,0.0025133695620731308,4.5887640149811147e-05,-0.00015066666666666028,0.0025038569359201704,4.571396415230815e-05,0.0,0.0,0.0,-1.0000000000012073e-05,0.0006302644947427523,1.1507002698840053e-05
HID 106,R HID 106,0.0,0.0,0.0,-0.00026266666666665314,0.00044008282048822533,8.034776265063256e-06,-0.0028816666666666717,0.007637429577780536,0.0001394397487035852,0.003713666666666665,0.008076571873154057,0.000147457353407941,0.0,0.0,0.0,0.000569333333333256,0.0009677428492229568,1.7668486279457806e-05
THR 107,R THR 107,0.0,0.0,0.0,-0.00011600000000000073,0.00032022492095400856,5.8464804227273076e-06,0.0005909999999999856,0.004324394254305075,7.895227602095404e-05,-0.0004880000000000037,0.00431383696183958,7.875952711330301e-05,0.0,0.0,0.0,-1.3000000000006415e-05,0.0006847123483624658,1.25010799533486e-05
VAL 108,R VAL 108,0.0,0.0,0.0,-0.0001646666666666679,0.00037087943533654845,6.7713010949535395e-06,-0.0019103333333333032,0.005978262837610553,0.00010914764702847144,0.0027613333333333405,0.006032885287231057,0.00011014491195524943,0.0,0.0,0.0,0.0006863333333333748,0.0007505197458354731,1.3702553154904418e-05
GLY 109,R GLY 109,0.0,0.0,0.0,-0.00010533333333333275,0.00030698244611413996,5.604707016494286e-06,-0.0015683333333333619,0.006458843850790058,0.00011792181574937487,0.0028210000000000045,0.006514109737075871,0.00011893082816868337,0.0,0.0,0.0,0.0011473333333333053,0.0007909653735924842,1.4440985910736821e-05
ALA 110,R ALA 110,0.0,0.0,0.0,-0.00021300000000000274,0.0004094276492861775,7.4750919726784445e-06,-0.0015836666666666887,0.00652065946733068,0.00011905040933555447,0.0023509999999999946,0.006612901455992396,0.00012073450993352638,0.0,0.0,0.0,0.0005543333333333262,0.0007739818401544304,1.4130910431731309e-05
THR 111,R THR 111,0.0,0.0,0.0,-0.00027366666666666766,0.0004458399064936038,8.139885794084693e-06,-0.0030029999999999623,0.006942021151413152,0.00012674338597689898,0.005576333333333328,0.0073295866110504124,0.00013381933080200517,0.0,0.0,0.0,0.0022996666666666556,0.001179773942565102,2.1539626703323685e-05
ILE 112,R ILE 112,0.0,0.0,0.0,-0.0011540000000000072,0.0005467638125066015,9.982495791246364e-06,-0.005009333333333298,0.0132051472119356,0.00024109190010511934,0.007526333333333332,0.013517740438237388,0.0002467990454840796,0.0,0.0,0.0,0.0013629999999999788,0.0009305362253381825,1.698918937311443e-05
THR 113,R THR 113,0.0,0.0,0.0,-0.00038033333333333327,0.00048546873111343587,8.863405833141296e-06,0.00026100000000007145,0.008464605464324194,0.00015454184510639503,0.002950999999999979,0.008772073054111358,0.00016015540959400087,0.0,0.0,0.0,0.002831666666666687,0.001492871022188119,2.725597114327427e-05
GLY 114,R GLY 114,0.0,0.0,0.0,-0.0005976666666666692,0.0004951039172626993,9.039319459798393e-06,-8.566666666665531e-05,0.011963179394384295,0.00021841677379284233,0.0030280000000000046,0.011892653866988435,0.00021712915971835363,0.0,0.0,0.0,0.00234466666666668,0.0012246924330441534,2.2359722386138935e-05
HIE 115,R HIE 115,0.0,0.0,0.0,-0.006220999999999975,0.002125439327135457,3.8805035469356393e-05,-0.025424666666666554,0.07018264499306287,0.0012813539269359178,0.043611666666666445,0.07191839030379446,0.0013130441556283015,0.0,0.0,0.0,0.01196600000000007,0.00496623707314353,9.067066902930484e-05
VAL 116,R VAL 116,0.0,0.0,0.0,-0.0025569999999999903,0.0009000468506325189,1.6432532096763783e-05,0.01578199999999997,0.03038817438851286,0.0005548096197996417,-0.015679333333333257,0.03135877080215726,0.0005725302047991967,0.0,0.0,0.0,-0.0024543333333332923,0.0035819800700482058,6.539770949664458e-05
GLU 117,R GLU 117,0.0,0.0,0.0,-0.011630666666666706,0.011112797107639233,0.0002028909884277391,-0.0327583333333334,0.7130428401790138,0.013018321601119895,0.0989833333333332,0.7399711141133964,0.01350996237007122,-0.0002704848000000002,0.00278732306074645,5.0889323847505765e-05,0.05432384853333336,0.044737697918714,0.0008167948773643859
LEU 118,R LEU 118,0.0,0.0,0.0,-0.00401799999999999,0.0018360308639380999,3.352118401515319e-05,-0.012807999999999964,0.03692075029934614,0.0006740775926322498,0.02341733333333333,0.03888329332188248,0.0007099085620828339,0.0,0.0,0.0,0.006591333333333381,0.0026359675432160216,4.8125962809029624e-05
PRO 119,R PRO 119,0.0,0.0,0.0,-0.0019013333333333324,0.0010280717657612502,1.87699365613868e-05,0.0052833333333333395,0.032050539083696414,0.0005851601078780494,-0.0013129999999999835,0.03266757359115205,0.0005964255651611341,0.0,0.0,0.0,0.002068999999999996,0.0016910270055008716,3.0873787875441335e-05
GLN 120,R GLN 120,0.0,0.0,0.0,-0.008486333333333377,0.011343212943821953,0.00020709778679719546,0.0075263333333332365,0.08359808594233624,0.0015262852478291026,0.021885999999999982,0.07446394879850696,0.0013595194825950657,-0.0002462544000000002,0.00311021850467144,5.6784561125951155e-05,0.020679745599999917,0.01679585131003893,0.00030664888783370057
ASP 121,R ASP 121,0.0,0.0,0.0,-0.0010413333333333375,0.0006161370698869636,1.12490723897409e-05,0.008016666666666826,0.25835404465362793,0.004716877935982966,-0.005627000000000119,0.2574486392875284,0.004700347571226335,0.0,0.0,0.0,0.0013483333333334476,0.0021412606619049144,3.909389220079215e-05
GLU 122,R GLU 122,0.0,0.0,0.0,-0.0012759999999999929,0.0005897660553134632,1.0767605738200776e-05,0.034320666666666666,0.28095757183761577,0.005129559993244678,-0.03812433333333352,0.2781701329664195,0.0050786685549973135,0.0,0.0,0.0,-0.005079666666666803,0.0042747303878592725,7.804554202277771e-05
ALA 123,R ALA 123,0.0,0.0,0.0,-0.0002626666666666646,0.00044008282048824273,8.034776265063574e-06,0.0022849999999999993,0.005518191883820874,0.00010074793904702065,-0.002221666666666664,0.005495925510978298,0.00010034141255769735,0.0,0.0,0.0,-0.00019933333333334514,0.0008657941762079256,1.5807166682189447e-05
GLN 124,R GLN 124,0.0,0.0,0.0,-0.0005713333333333318,0.0005022398718629072,9.169603569927282e-06,0.0036423333333332787,0.013343053419497208,0.00024360971146183543,0.001946999999999998,0.012955109326696825,0.00023652685377258052,0.0,0.0,0.0,0.005017999999999871,0.0020935637877393244,3.822307040402618e-05
ILE 125,R ILE 125,0.0,0.0,0.0,-0.002280999999999994,0.0009791351626138027,1.7876480513668958e-05,0.0024010000000000346,0.011448094412026268,0.00020901265166385426,0.0015683333333333291,0.011046417091326663,0.00020167906068434057,0.0,0.0,0.0,0.0016883333333334004,0.0013829427159342254,2.5248964041821144e-05
ALA 126,R ALA 126,0.0,0.0,0.0,-0.00032533333333332977,0.00046849925886339913,8.553587075131194e-06,0.0021830000000000074,0.0052621457283761,9.607319721036809e-05,-0.0030516666666666596,0.005226630261352778,9.542477646273462e-05,0.0,0.0,0.0,-0.0011939999999999798,0.000932575644831756,1.702642390847596e-05
ALA 127,R ALA 127,0.0,0.0,0.0,-0.00018133333333333467,0.00038529411565135156,7.034475947208317e-06,0.001000333333333339,0.006601742185884641,0.0001205307704680827,-0.0005050000000000013,0.006412953687654376,0.00011708397983214136,0.0,0.0,0.0,0.00031399999999999614,0.0007720561292202925,1.409575192113592e-05
TRP 128,R TRP 128,0.0,0.0,0.0,-0.001232666666666684,0.0005327909742312221,9.727387834053133e-06,0.0019576666666666688,0.007355080413488968,0.00013428478182441107,-0.0025140000000000145,0.007500831331703638,0.0001369458173471866,0.0,0.0,0.0,-0.0017890000000000926,0.0013985036050483835,2.5533065707909844e-05
LEU 129,R LEU 129,0.0,0.0,0.0,-0.0007423333333333438,0.0004898379550649432,8.943176583709042e-06,-5.899999999994302e-05,0.009233572024592263,0.00016858118947392763,0.001601000000000012,0.009046277263788299,0.0001651616706274321,0.0,0.0,0.0,0.0007996666666667217,0.00117963266410444,2.1537047323330547e-05
ALA 130,R ALA 130,0.0,0.0,0.0,-0.00013766666666666682,0.0003445497867588302,6.290589679713536e-06,-4.866666666666582e-05,0.00557772040253802,0.00010183477613089562,-0.0005133333333333327,0.00556936461566507,0.00010168222103236162,0.0,0.0,0.0,-0.0006996666666666698,0.0007426079420229278,1.3558104040948204e-05
VAL 131,R VAL 131,0.0,0.0,0.0,-0.00015900000000000143,0.00036567608617463974,6.67630137126844e-06,-0.00026033333333333887,0.00670108647078132,0.0001223445406613204,0.0011593333333333384,0.006544255462278003,0.00011948121129220203,0.0,0.0,0.0,0.0007400000000000036,0.0008224354077980627,1.5015547498065304e-05
ASN 132,R ASN 132,0.0,0.0,0.0,-0.0003313333333333327,0.0004706926338445896,8.593632440273377e-06,0.0002359999999999663,0.01419315459414611,0.00025913036444573015,0.0027920000000000024,0.013654965006668225,0.00024930441186986227,0.0,0.0,0.0,0.0026966666666666797,0.001431312528959171,2.6132071965023475e-05
GLY 133,R GLY 133,0.0,0.0,0.0,-0.00027699999999999936,0.0004475164801434701,8.170495700996377e-06,0.0010133333333333327,0.01357664006871934,0.0002478744006922024,0.003903666666666664,0.013941343307666729,0.0002545329403844251,0.0,0.0,0.0,0.004640000000000004,0.0013452632951706071,2.4561035084955738e-05
PRO 134,R PRO 134,0.0,0.0,0.0,-0.001069666666666668,0.0006039977005107271,1.102743884169916e-05,0.003023666666666664,0.011091457969486592,0.00020250139085027508,0.0010303333333333395,0.01144421600149555,0.00020894184189935628,0.0,0.0,0.0,0.002984333333333309,0.0022244297896064805,4.061234577846467e-05
VAL 135,R VAL 135,0.0,0.0,0.0,-0.004458666666666664,0.0026190885607189477,4.7817796160316886e-05,-0.005171666666666692,0.02352903590365645,0.00042957945735938623,0.0025963333333333285,0.026816463597739343,0.0004895994008332661,0.0,0.0,0.0,-0.007033999999999982,0.014922427550502711,0.0002724450060715632
ALA 136,R ALA 136,0.0,0.0,0.0,-0.020469000000000022,0.02373796619342076,0.0004333939851143864,-0.018429333333333242,0.05744897161443001,0.0010488699219565764,0.009016666666666657,0.04966795468128531,0.0009068086388028093,-6.030239999999999e-05,0.00067587702224165,1.2339769706039085e-05,-0.02994196906666674,0.040222421271467385,0.000734357581595277
VAL 137,R VAL 137,0.0,0.0,0.0,-0.0865653333333337,0.08981337167457562,0.0016397603210586867,0.008961999999999996,0.11826487456552753,0.0021592113186686135,-0.028301333333333276,0.10419099704335731,0.0019022586456533621,-0.00036002159999999985,0.0020712433315314355,3.781555649206395e-05,-0.10626468826666677,0.1028969029988061,0.0018786318289955692
ALA 138,R ALA 138,0.0,0.0,0.0,-0.5103123333333333,0.33088237202147164,0.0060410579678992085,-0.0680260000000002,0.26182018509656535,0.004780160712918892,-0.0005776666666667494,0.1883771446714159,0.0034392803818316196,-0.0538433351999999,0.04109544778458996,0.0007502967920798542,-0.6327593351999993,0.47715756217961786,0.008711665342998354
VAL 139,R VAL 139,0.0,0.0,0.0,-0.15953699999999985,0.07005056243647619,0.001278942440412735,0.07237133333333348,0.13216474357743396,0.002412987045474887,-0.07842733333333327,0.1221022606379132,0.002229272082458673,0.0,0.0,0.0,-0.16559299999999993,0.07298892622172147,0.0013325893779905721
ASP 140,R ASP 140,0.0,0.0,0.0,-0.04221866666666693,0.013747830794547864,0.00025099990143126786,0.13038199999999964,0.44666893341265684,0.008155021685562838,-0.10966133333333326,0.43866924514743716,0.008008968028367165,0.0,0.0,0.0,-0.021497999999999913,0.030240028593461515,0.0005521048600080031
ALA 141,R ALA 141,0.0,0.0,0.0,-0.02009333333333334,0.009234498121476527,0.0001685980976123925,-0.01671000000000003,0.04165628283944686,0.00076053619243268,0.06517133333333325,0.04865046739983352,0.0008882319476019509,0.0,0.0,0.0,0.02836800000000006,0.01783427157656461,0.00032560776130525533
SER 142,R SER 142,0.0,0.0,0.0,-0.007387666666666707,0.002547818914723134,4.651659640107305e-05,-0.013721000000000004,0.0391441586830015,0.0007146712901747212,0.03412500000000011,0.03757294294657592,0.0006859849467898085,0.0,0.0,0.0,0.013016333333333347,0.007602503966165027,0.00013880209719303592
SER 143,R SER 143,0.0,0.0,0.0,-0.002038999999999995,0.0007524265191143345,1.3737365912800433e-05,-0.007592333333333364,0.02216963707165473,0.0004047603438616023,0.018504333333333362,0.021583604453895306,0.000394060901055581,0.0,0.0,0.0,0.008872999999999975,0.00349717090422151,6.384931305642866e-05
TRP 144,R TRP 144,0.0,0.0,0.0,-0.010670333333333249,0.004484155798165689,8.186910940076435e-05,0.001355666666666673,0.015864462420419126,0.00028964413101188535,-0.003441,0.01614273373172383,0.00029472464682215633,0.0,0.0,0.0,-0.012755666666666632,0.007524136798035742,0.0001373713150012956
MET 145,R MET 145,0.0,0.0,0.0,-0.002083666666666652,0.0013406465687205633,2.4476745577671746e-05,-0.0006286666666666485,0.016107579320169613,0.00029408281801535416,0.0025550000000000043,0.01613820441271785,0.00029464195314916593,0.0,0.0,0.0,-0.00015733333333329855,0.0017333723072541897,3.164690377459651e-05
THR 146,R THR 146,0.0,0.0,0.0,-0.0004989999999999927,0.0005006652241435045,9.140854567392584e-06,-0.0020120000000000845,0.00875301030122403,0.00015980737293518302,0.004787666666666661,0.008659556256272969,0.00015810114331818974,0.0,0.0,0.0,0.002276666666666561,0.0013451600483048484,2.4559150063710142e-05
TYR 147,R TYR 147,0.0,0.0,0.0,-0.0009329999999999993,0.0005051511325006039,9.222755673995393e-06,-1.999999999998418e-05,0.007591504023138884,0.0001386012666288129,0.0008163333333333374,0.007554376207794317,0.00013792340856297604,0.0,0.0,0.0,-0.00013666666666662378,0.000920138878406713,1.6799360658028663e-05
THR 148,R THR 148,0.0,0.0,0.0,-0.00022266666666666783,0.0004160363232005415,7.595749298614882e-06,-0.00016766666666664007,0.003983828295608196,7.273442075773227e-05,0.000877666666666672,0.003908627366338344,7.136144591418398e-05,0.0,0.0,0.0,0.0004873333333333667,0.0008511793126140869,1.55403370000159e-05
GLY 149,R GLY 149,0.0,0.0,0.0,-0.00011166666666666562,0.0003149559052029665,5.750281796637449e-06,-0.00026333333333333113,0.004344190245476001,7.931369971803702e-05,0.0008966666666666623,0.004271844514440507,7.79928534237923e-05,0.0,0.0,0.0,0.0005216666666666608,0.0007317995323553529,1.3360770381425281e-05
GLY 150,R GLY 150,0.0,0.0,0.0,-0.00010400000000000037,0.00030526054445342366,5.573269537114955e-06,0.002779000000000009,0.008130077428905657,0.00014843422673584106,-0.0024370000000000233,0.008126993970712731,0.00014837793074892806,0.0,0.0,0.0,0.0002379999999999955,0.0006928366810920696,1.2649409296704651e-05
VAL 151,R VAL 151,0.0,0.0,0.0,-0.00026699999999999836,0.000442392359789361,8.076942490819147e-06,-0.0017980000000000114,0.007643550396685198,0.00013955149905640145,0.003748333333333317,0.007262942279514301,0.00013260257734493247,0.0,0.0,0.0,0.0016833333333332791,0.001055014481206544,1.926184099504781e-05
MET 152,R MET 152,0.0,0.0,0.0,-0.0010379999999999999,0.0005353092564116524,9.773365165932632e-06,0.0009280000000000165,0.013567294596442845,0.00024770377649298986,0.000513666666666672,0.013698776583654766,0.000250104298169709,0.0,0.0,0.0,0.0004036666666666784,0.0015705794755085857,2.867472690302283e-05
THR 153,R THR 153,0.0,0.0,0.0,-0.0003396666666666658,0.0004735960538499276,8.646641394634558e-06,0.0015603333333333194,0.0082949197236756,0.00015144382151172152,0.0020419999999999857,0.007910050737300417,0.0001444171073276603,0.0,0.0,0.0,0.0032626666666666112,0.001420213442487436,2.5929431297414485e-05
SER 154,R SER 154,0.0,0.0,0.0,-0.00040633333333333006,0.0004911482012138066,8.96709829609627e-06,0.0001119999999999938,0.009873168488383044,0.00018025856983788584,0.003939333333333359,0.009227512461233635,0.00016847055748925587,0.0,0.0,0.0,0.0036450000000000315,0.0014722912981697692,2.6880238507538233e-05
CYX 155,R CYX 155,0.0,0.0,0.0,-0.0018923333333333385,0.0006782879591702885,1.238378719072367e-05,-0.0014603333333333363,0.010335042003892458,0.00018869118794317646,0.008060666666666627,0.011283512435801552,0.00020600780963261908,0.0,0.0,0.0,0.004707999999999963,0.002174105793194062,3.9693559511168314e-05
VAL 156,R VAL 156,0.0,0.0,0.0,-0.0035089999999999275,0.0011099184654741296,2.026424601772332e-05,0.009901000000000023,0.027531119343995786,0.0005026471699357774,0.0007500000000000065,0.028743048434940424,0.000524773866642681,0.0,0.0,0.0,0.007142000000000005,0.003313985918296316,6.050482809017882e-05
SER 157,R SER 157,0.0,0.0,0.0,-0.004834999999999976,0.001923653208524515,3.512094183753553e-05,-0.004796000000000005,0.020084099448734734,0.00036668381050830286,0.0227453333333333,0.0227526660318206,0.00041540494763365657,0.0,0.0,0.0,0.013114333333333325,0.006141600868032836,0.00011212977782049644
GLU 158,R GLU 158,0.0,0.0,0.0,-0.014499666666666739,0.016381147697548167,0.00029907747039236484,5.699999999976058e-05,0.36099010755282424,0.006590747498096595,0.04539333333333321,0.362331174418591,0.006615231917213369,-0.0002622000000000004,0.0034903595268338783,6.372495488833244e-05,0.03068846666666636,0.01616075060495144,0.00029505358841823876
GLN 159,R GLN 159,0.0,0.0,0.0,-0.23528799999999986,0.21391751149138474,0.003905581549640067,-0.041443666666666594,0.5671675626831,0.010355015598891971,0.174402666666667,0.49725386728131415,0.009078571997221861,-0.04009249679999998,0.06111712347609749,0.0011158409059229047,-0.14242149679999974,0.27511338775463334,0.005022860278162607
LEU 160,R LEU 160,0.0,0.0,0.0,-1.5260366666666703,0.5438180014081408,0.00992871288495383,-0.03467666666666657,0.5297229761446595,0.009671374108773365,0.503734,0.5025442327901761,0.009175160414776893,-0.22036033679999995,0.06927446070960935,0.001264772826321946,-1.2773396701333326,0.5677688523259738,0.010365993595591845
ASP 161,R ASP 161,0.0,0.0,0.0,-1.4059533333333345,0.6125770687477237,0.011184075958784038,0.1908783333333335,1.8560512410842953,0.03388670442091093,0.976777666666667,1.85347200686564,0.03383961426215604,-0.20891174399999995,0.06531960689080783,0.0011925674047155112,-0.4472090773333328,0.5213188862789208,0.009517937122281177
HIE 162,R HIE 162,0.0,0.0,0.0,-0.839556666666668,0.5288027320802663,0.009654572827690753,0.07873366666666641,0.39411001771910664,0.007195431561450514,0.205199,0.36021972100233457,0.006576682228373203,-0.03605411760000009,0.024228428113138613,0.00044234855368194487,-0.5916781176000003,0.5002891811765814,0.009133988993540084
GLY 163,R GLY 163,0.0,0.0,0.0,-0.2815636666666671,0.2625294636414902,0.004793110308205884,0.031155666666666682,0.22725215679480118,0.004149037750607117,0.06952399999999993,0.14908014429829364,0.0027218185969433532,-0.011888716799999944,0.01635899153165993,0.00029867295599753774,-0.19277271680000033,0.28033963142082463,0.005118277996395656
VAL 164,R VAL 164,0.0,0.0,0.0,-0.0518299999999999,0.04877788877486741,0.0008905583329824304,0.01655766666666669,0.08393250864765621,0.0015323909431439577,0.0028186666666666156,0.08247182014617016,0.0015057225417522133,-7.130400000000002e-06,0.00013879505566063947,2.534039428517244e-06,-0.03246079706666673,0.03384884062869455,0.0006179924519244452
LEU 165,R LEU 165,0.0,0.0,0.0,-0.007142999999999951,0.004895019679905985,8.937042327054086e-05,-0.001227333333333212,0.014929891255092479,0.0002725812740504422,0.004864000000000006,0.014914897608319858,0.00027230752876522123,0.0,0.0,0.0,-0.0035063333333331765,0.005406042288238369,9.870037693649998e-05
LEU 166,R LEU 166,0.0,0.0,0.0,-0.0038393333333333235,0.0019463263401140842,3.55348946915652e-05,0.002406333333333341,0.009375707611813732,0.00017117621838544234,0.0017940000000000013,0.009380133119169132,0.00017125701672567425,0.0,0.0,0.0,0.0003610000000000216,0.002932577762538107,5.354129973933832e-05
VAL 167,R VAL 167,0.0,0.0,0.0,-0.0008876666666666561,0.0005689591861948648,1.0387726019290311e-05,-0.0009600000000000399,0.00595144800307728,0.00010865807737015006,0.003050333333333345,0.006127571559942973,0.00011187363887026285,0.0,0.0,0.0,0.0012026666666666017,0.00217154159271447,3.964674382968037e-05
GLY 168,R GLY 168,0.0,0.0,0.0,-0.00029300000000000425,0.0004551384404771895,8.309653021235967e-06,0.002897333333333319,0.011653102286039035,0.00021275556623261992,-0.0032790000000000054,0.011498601030849983,0.0002099347721449564,0.0,0.0,0.0,-0.0006746666666666758,0.0010412291881340306,1.901015712912663e-05
TYR 169,R TYR 169,0.0,0.0,0.0,-0.0003903333333333333,0.0004878249913875091,8.906425063256737e-06,0.0008126666666666959,0.004314499533227674,7.87716239564769e-05,-0.001996666666666667,0.004323037769388052,7.892751010802174e-05,0.0,0.0,0.0,-0.0015743333333332631,0.0009858031694454045,1.7998221105511185e-05
ASN 170,R ASN 170,0.0,0.0,0.0,-0.0001426666666666654,0.00034973259626304014,6.385214402270468e-06,-0.0004846666666666077,0.0034415739939098176,6.283425699291847e-05,0.0005560000000000051,0.0034403774986668696,6.28124120784348e-05,0.0,0.0,0.0,-7.133333333308182e-05,0.0007082218735834733,1.2930303196008015e-05
ASP 171,R ASP 171,0.0,0.0,0.0,-0.00011933333333333204,0.00032418033390211416,5.918696052591489e-06,0.030413666666666686,0.16358348698209774,0.002986612195181587,-0.030728333333333423,0.16280543356172789,0.0029724069482055665,0.0,0.0,0.0,-0.00043400000000000936,0.0010873410995021252,1.9852041596659442e-05
SER 172,R SER 172,0.0,0.0,0.0,-4.6666666666667004e-05,0.00021092389359408638,3.850925814610017e-06,-0.000984000000000026,0.0045219918914861865,8.255989879408126e-05,0.001013333333333314,0.004486775630177596,8.19169407704242e-05,0.0,0.0,0.0,-1.733333333340307e-05,0.0006161976594856368,1.1250178599405682e-05
ALA 173,R ALA 173,0.0,0.0,0.0,-4.799999999999989e-05,0.00021376622745419765,3.90281949364814e-06,-0.00045433333333333046,0.002746982809475809,5.0152814994293884e-05,0.0004896666666666591,0.0027365233214589873,4.996185174340161e-05,0.0,0.0,0.0,-1.2666666666673562e-05,0.0006009766125972632,1.097228157508548e-05
ALA 174,R ALA 174,0.0,0.0,0.0,-3.700000000000002e-05,0.00018876175460087245,3.4463023663050804e-06,-0.0003310000000000047,0.0024279152236710007,4.432746452382693e-05,0.00038599999999999274,0.0024302957296044067,4.437092641709364e-05,0.0,0.0,0.0,1.7999999999953017e-05,0.000600840522379603,1.0969796919016537e-05
VAL 175,R VAL 175,0.0,0.0,0.0,-0.00011066666666666626,0.00031371891169573274,5.727697488390803e-06,0.0005083333333333678,0.0026936834549656018,4.917970636877038e-05,7.36666666666679e-05,0.0026098990827658967,4.765002001476414e-05,0.0,0.0,0.0,0.0004713333333333651,0.0007003653015074095,1.2786862470983836e-05
PRO 176,R PRO 176,0.0,0.0,0.0,-0.0001550000000000014,0.00036190468358395433,6.607445295523378e-06,0.0005080000000000109,0.004506136852486105,8.227042671039896e-05,0.00026633333333333413,0.004560343542127326,8.326010093320491e-05,0.0,0.0,0.0,0.0006193333333333181,0.0008216403646906032,1.5001032063260486e-05
TYR 177,R TYR 177,0.0,0.0,0.0,-0.00036066666666666766,0.0004801939423006351,8.767101805846401e-06,-0.0021606666666666783,0.007411310245533932,0.0001353113934049362,0.005719666666666671,0.006989545518526672,0.0001276110582402067,0.0,0.0,0.0,0.003198333333333339,0.0016616248740983287,3.0336980855177873e-05
TRP 178,R TRP 178,0.0,0.0,0.0,-0.0018409999999999848,0.0007373730399193176,1.3462528241998918e-05,0.0004716666666666707,0.010306754931704819,0.0001881747390257449,-0.006326999999999998,0.011622595995158148,0.0002121986001105774,0.0,0.0,0.0,-0.007696333333333313,0.003285034736836347,5.9976254251777146e-05
ILE 179,R ILE 179,0.0,0.0,0.0,-0.0007213333333333249,0.0005003447700224822,9.135003902368271e-06,0.0018699999999999951,0.013111156826662272,0.00023937587829835926,-0.001004,0.013091396054915798,0.00023901509761705076,0.0,0.0,0.0,0.00014466666666668838,0.0018512351432369693,3.379877490657318e-05
ILE 180,R ILE 180,0.0,0.0,0.0,-0.0037443333333333265,0.0018573191851578245,3.3909853806601825e-05,-0.00585033333333336,0.024142022834790673,0.00044077101634732227,0.011400666666666654,0.02363461020528038,0.00043150697157579563,0.0,0.0,0.0,0.0018059999999999693,0.0027349035327288965,4.99322785825395e-05
LYS 181,R LYS 181,0.0,0.0,0.0,-0.0029603333333333374,0.0015223096122522631,2.7793443804583578e-05,-0.07997266666666702,0.23678672524634634,0.004323114357840063,0.10381233333333313,0.23472428176030088,0.004285459463810507,0.0,0.0,0.0,0.020879333333333007,0.006004784721833137,0.00010963186817034643
ASN 182,R ASN 182,0.0,0.0,0.0,-0.005498333333333323,0.0028918270848874855,5.279729755990942e-05,0.010295666666666658,0.03339817731387294,0.0006097645031455168,0.0013349999999999948,0.033892832698571074,0.0006187956335585356,0.0,0.0,0.0,0.006132333333333472,0.003879195091195648,7.082408854703888e-05
SER 183,R SER 183,0.0,0.0,0.0,-0.006531666666666637,0.003786686839735027,6.913512667769413e-05,0.00126133333333334,0.021988854105862134,0.00040145971358235933,0.008180666666666668,0.022120745004532642,0.00040386770092674154,0.0,0.0,0.0,0.0029103333333333516,0.0037199856481204487,6.791733510236817e-05
TRP 184,R TRP 184,0.0,0.0,0.0,-0.014741333333333282,0.009244552894663112,0.0001687816718152222,-0.012542666666666723,0.058649167481066695,0.0010707824002759558,0.02622599999999996,0.058909944751855424,0.0010755435200658096,-9.57600000000003e-07,5.244116972608464e-05,9.574403866977856e-07,-0.001058957600000097,0.0051484452340503795,9.39973196923119e-05
THR 185,R THR 185,0.0,0.0,0.0,-0.0009203333333333291,0.0005591540237020635,1.0208709063379949e-05,0.0019676666666666284,0.00851977823785467,0.00015554915752715392,0.0015376666666666666,0.009041639668162474,0.0001650770001028704,0.0,0.0,0.0,0.002584999999999961,0.0013716565410724674,2.5042907623163392e-05
THR 186,R THR 186,0.0,0.0,0.0,-0.00037399999999999565,0.000483863617148463,8.834100595608556e-06,0.0007226666666666641,0.008158579505989723,0.00014895460108766418,0.0007409999999999881,0.008361892867846003,0.00015266657823869402,0.0,0.0,0.0,0.0010896666666666238,0.0010931422089046,1.9957954879269136e-05
GLN 187,R GLN 187,0.0,0.0,0.0,-0.0002929999999999986,0.0004551384404771822,8.309653021235835e-06,-0.0005743333333332241,0.008993505502429274,0.00016419819449091152,0.0019233333333332973,0.009053845714513958,0.0001652998510003591,0.0,0.0,0.0,0.0010560000000000471,0.0011061332047572214,2.0195136928367027e-05
TRP 188,R TRP 188,0.0,0.0,0.0,-0.0021389999999999816,0.0009534213828801982,1.740701327370848e-05,0.001165333333333321,0.014038732073168895,0.000256311007841529,-0.0015620000000000002,0.013756289082937022,0.00025115432794288873,0.0,0.0,0.0,-0.0025356666666666574,0.002981396969356613,5.4432612433138515e-05
GLY 189,R GLY 189,0.0,0.0,0.0,-0.00022033333333332898,0.0004144714170549628,7.567178152071151e-06,-0.002894666666666667,0.008483291709131749,0.00015488300769960043,0.003741666666666666,0.00821305447984429,0.00014994917348765254,0.0,0.0,0.0,0.0006266666666666733,0.0008567120610540897,1.5641350704202266e-05
GLU 190,R GLU 190,0.0,0.0,0.0,-0.0003176666666666685,0.00046556906636455235,8.5000893241495e-06,0.041771333333333424,0.13961727822236844,0.0025490510899955324,-0.0407976666666667,0.1391143488689152,0.0025398688982716045,0.0,0.0,0.0,0.000655999999999923,0.0011338712448950823,2.0701561937850033e-05
GLU 191,R GLU 191,0.0,0.0,0.0,-0.00025233333333333433,0.00043435149616667044,7.930137077886802e-06,0.03663233333333322,0.11762044530843949,0.0021474457039745,-0.03468400000000015,0.11723724725529847,0.00214044949671792,0.0,0.0,0.0,0.0016959999999998654,0.0013214577808866293,2.4126407846077534e-05
GLY 192,R GLY 192,0.0,0.0,0.0,-0.0004530000000000025,0.0004984552805083534,9.100506701399676e-06,0.0041479999999999954,0.01444234847015316,0.00026368000134843706,-0.0033869999999999946,0.014366415616522608,0.000262293663455464,0.0,0.0,0.0,0.0003080000000000022,0.0011137635895168004,2.0334448056875865e-05
TYR 193,R TYR 193,0.0,0.0,0.0,-0.0009736666666666797,0.0005564529529878166,1.0159394484726296e-05,-0.00027533333333332286,0.008580143251847394,0.00015665126685541824,0.0011596666666666652,0.008426911645964315,0.00015385365328658812,0.0,0.0,0.0,-8.933333333332453e-05,0.001294869191162716,2.3640968833942953e-05
ILE 194,R ILE 194,0.0,0.0,0.0,-0.0017859999999999894,0.0008001274898413856,1.4608262502203752e-05,0.001065999999999985,0.01019697556467928,0.00018617045117012734,-0.00017966666666666077,0.010326860763185584,0.00018854181960705865,0.0,0.0,0.0,-0.0008996666666667105,0.0014713712047685467,2.6863439977176193e-05
ARG 195,R ARG 195,0.0,0.0,0.0,-0.000592666666666674,0.0004940440826035146,9.019969614796353e-06,-0.043720333333333194,0.14702556961253044,0.0026843073668943,0.047854999999999974,0.14557086696291022,0.002657748251705649,0.0,0.0,0.0,0.0035420000000002667,0.0021426391825664992,3.9119060429536716e-05
ILE 196,R ILE 196,0.0,0.0,0.0,-0.0019819999999999933,0.000798128644601343,1.4571768747972645e-05,-0.0006430000000000599,0.006789370442095443,0.00012395637807981655,0.001431333333333331,0.006870270607641465,0.00012543340626566517,0.0,0.0,0.0,-0.0011936666666667122,0.00152823205771315,2.790157237040097e-05
ALA 197,R ALA 197,0.0,0.0,0.0,-0.0003990000000000028,0.0004896927608204973,8.94052571161228e-06,0.0033529999999999875,0.018360148628664964,0.0003352089187689114,-0.001922000000000007,0.018433210499892105,0.0003365428399343995,0.0,0.0,0.0,0.001031999999999992,0.0010031497063416293,1.8314924090599785e-05
LYS 198,R LYS 198,0.0,0.0,0.0,-0.0005536666666666688,0.0004971115457207607,9.075973572917378e-06,-0.03582233333333336,0.2174413271848035,0.003969917327765939,0.039135333333333584,0.21537184670136328,0.003932133956329375,0.0,0.0,0.0,0.002759333333333198,0.0025103943028048415,4.5833319595955535e-05
GLY 199,R GLY 199,0.0,0.0,0.0,-0.00023733333333333267,0.00042544826033517056,7.767586974563444e-06,-0.0011490000000000198,0.01294056151537998,0.000236261248291895,0.003206999999999973,0.012460503641506589,0.0002274966307442808,0.0,0.0,0.0,0.0018206666666666304,0.0011262798152422468,2.056296202903098e-05
SER 200,R SER 200,0.0,0.0,0.0,-0.0005913333333333263,0.0004969824499472224,9.073616617342528e-06,0.0003403333333333456,0.011205973402114116,0.000204592147038027,0.0060763333333333225,0.01098361688556589,0.00020053249104063587,0.0,0.0,0.0,0.005825333333333354,0.002593483800262098,4.735031933092579e-05
ASN 201,R ASN 201,0.0,0.0,0.0,-0.003710999999999981,0.0016415883568463043,2.9971165772752033e-05,0.007942000000000025,0.030946480187575672,0.00056500284247073,-0.0028769999999999564,0.03128804677508646,0.000571238966633054,0.0,0.0,0.0,0.0013539999999998026,0.0035661394625935237,6.510850089572744e-05
GLN 202,R GLN 202,0.0,0.0,0.0,-0.002489333333333315,0.0008543337885290271,1.5597929587206547e-05,0.0051953333333332906,0.026573806242656043,0.00048516910392914386,-0.00021966666666667,0.027262319781869063,0.0004977395838149668,0.0,0.0,0.0,0.0024863333333334384,0.004974382362554122,9.081938098755781e-05
CYX 203,R CYX 203,0.0,0.0,0.0,-0.008799999999999947,0.002825597281991981,5.158811232574313e-05,0.01328933333333341,0.04411278294956632,0.0008053855431935582,-0.02421099999999995,0.045187297023979285,0.0008250033964239839,0.0,0.0,0.0,-0.019721666666666648,0.009994741812017349,0.00018247818489606533
LEU 204,R LEU 204,0.0,0.0,0.0,-0.033700666666666886,0.016822358125092803,0.0003071328338514547,-0.0018190000000000866,0.07269302285868524,0.0013271869464313527,0.007813333333333287,0.07357344508871537,0.0013432611836152362,-0.00014266559999999998,0.0017982845119103481,3.283203306618217e-05,-0.027848998933333348,0.018555857070039566,0.00033878204970341297
VAL 205,R VAL 205,0.0,0.0,0.0,-0.010853666666666612,0.004502249795626812,8.219945908626095e-05,0.004149999999999952,0.04816828313319866,0.0008794285076116175,0.008743333333333322,0.0496970501024848,0.0009073398460865117,0.0,0.0,0.0,0.0020396666666666697,0.00903578588477811,0.00016497012512932486
LYS 206,R LYS 206,0.0,0.0,0.0,-0.008955666666666615,0.004629438542871313,8.452159728381549e-05,0.02654466666666641,0.40372581042693856,0.007370991113929621,0.023372999999999873,0.39020336219848223,0.007124106116348911,0.0,0.0,0.0,0.04096200000000016,0.01939903492444897,0.00035417630073170754
GLU 207,R GLU 207,0.0,0.0,0.0,-0.05534633333333321,0.0615911929842429,0.001124496191370792,-0.13389466666666647,0.6817172925083299,0.012446397964938662,0.19061433333333358,0.7040941610285909,0.012854941820101135,-0.0020780352,0.01286061612468862,0.000234801651830221,-0.000704701866666369,0.057486544750444325,0.0010495559104282848
GLU 208,R GLU 208,0.0,0.0,0.0,-0.4260249999999993,0.3500185933751723,0.006390435971260339,-0.8264689999999993,2.1978634693050587,0.04012731334849813,1.2637553333333327,2.28754024739928,0.04176457982338447,-0.07550805360000001,0.0689638201951349,0.0012591013324201904,-0.06424672026666692,0.2755050573300076,0.005030011153546638
ALA 209,R ALA 209,0.0,0.0,0.0,-0.016179000000000065,0.00994385701492802,0.0001815491598560687,-0.023592000000000075,0.046514164896297984,0.0008492285785739117,0.033027333333333436,0.04571904693767021,0.000834711777179982,0.0,0.0,0.0,-0.006743666666666693,0.014445228504788717,0.0002637325833463134
SER 210,R SER 210,0.0,0.0,0.0,-0.01391266666666675,0.008408272090956242,0.00015351334312859545,0.011457333333333326,0.042124887887750574,0.0007690917109499046,0.001840000000000004,0.04382051726455693,0.0008000495262447468,-6.36e-07,3.482934831431676e-05,6.358939911651941e-07,-0.0006159693333333174,0.010442420948630333,0.00019065165028431095
SER 211,R SER 211,0.0,0.0,0.0,-0.0029746666666666467,0.0012508763150511021,2.2837772480080917e-05,-0.0011673333333333306,0.012409458740099164,0.00022656468261273167,0.004851999999999993,0.012858956515466808,0.0002347713516499733,0.0,0.0,0.0,0.0007099999999999981,0.002579903098955467,4.710237078251306e-05
ALA 212,R ALA 212,0.0,0.0,0.0,-0.0014589999999999963,0.0005873548047532243,1.0723582527412784e-05,-0.005006333333333337,0.011743805170764987,0.0002144115667657931,0.006967999999999988,0.012108081708787155,0.00022106231600061408,0.0,0.0,0.0,0.0005026666666666572,0.001874209047986787,3.421821910208819e-05
VAL 213,R VAL 213,0.0,0.0,0.0,-0.0007233333333333302,0.0004503208732546815,8.221696679900464e-06,0.004216999999999982,0.008124114987697722,0.00014832536795092826,-0.004457333333333332,0.008071648709457651,0.0001473674691475806,0.0,0.0,0.0,-0.0009636666666667038,0.0010287597171135799,1.878249677719137e-05
VAL 214,R VAL 214,0.0,0.0,0.0,-0.00031600000000000123,0.00046491289506745716,8.488109330115952e-06,0.0003153333333333303,0.005516753111105155,0.00010072167077130323,-0.0004970000000000069,0.005486102836561981,0.00010016207587926914,0.0,0.0,0.0,-0.0004976666666666703,0.0008278453290856141,1.5114318695515947e-05
GLY 215,R GLY 215,0.0,0.0,0.0,-0.00010133333333333275,0.0003017695956999111,5.5095338244685086e-06,0.053251666666666475,0.16005403774107746,0.0029221735630190443,-0.05332199999999992,0.15922349590852888,0.002907010013131093,0.0,0.0,0.0,-0.00017166666666666212,0.0011043235737575147,2.0162097737723698e-05
C98 216,L C98   1,0.0,0.0,0.0,-13.95723966666668,1.9609663286824415,0.03580218309091543,-5.160869666666675,4.189904606314235,0.07649684222243695,11.301067333333354,3.3527614487363,0.06121276918021907,-2.444279078399993,0.23201842555034136,0.004236057514358498,-10.261321078400021,2.2487805787439497,0.04105692832858612

