| Run on Fri Feb 13 18:46:12 2026
| GB non-polar solvation energies calculated with gbsa=2
idecomp = 2: Per-residue decomp adding 1-4 interactions to EEL and VDW.
Energy Decomposition Analysis (All units kcal/mol): Generalized Born solvent
DELTAS:
Total Energy Decomposition:
Residue,Location,Internal,,,van der Waals,,,Electrostatic,,,Polar Solvation,,,Non-Polar Solv.,,,TOTAL,,
,,Avg.,Std. Dev.,Std. Err. of Mean,Avg.,Std. Dev.,Std. Err. of Mean,Avg.,Std. Dev.,Std. Err. of Mean,Avg.,Std. Dev.,Std. Err. of Mean,Avg.,Std. Dev.,Std. Err. of Mean
ALA   1,R ALA   1,0.0,0.0,0.0,-7.300000000000077e-05,0.00026013650262891056,4.749421017345208e-06,0.04281000000000013,0.0887728669132635,0.0016207633900932807,-0.04204266666666671,0.08833231296014446,0.0016127200121625685,0.0,0.0,0.0,0.0006943333333335886,0.000863076602754458,1.5757550806118067e-05
PRO   2,R PRO   2,0.0,0.0,0.0,-9.299999999999958e-05,0.00029043243620504775,5.302546558022825e-06,-0.00260300000000001,0.004994936536133366,9.119464713823209e-05,0.0024706666666666683,0.004927860207252442,8.997000652480818e-05,0.0,0.0,0.0,-0.00022533333333334642,0.000665250495845173,1.2145756765529934e-05
ALA   3,R ALA   3,0.0,0.0,0.0,-6.0333333333333646e-05,0.0002381033855748859,4.347153176590506e-06,-0.0006410000000000007,0.003325375016445533,6.0712763622377703e-05,0.0007010000000000076,0.003312340411250045,6.047478537925294e-05,0.0,0.0,0.0,-3.3333333336201437e-07,0.0006242327735352824,1.1396879039976269e-05
ALA   4,R ALA   4,0.0,0.0,0.0,-8.19999999999983e-05,0.0002743647207641625,5.009191551537928e-06,-0.0002326666666666669,0.003707811513847795,6.769506683706053e-05,0.0007336666666666662,0.003686651582247638,6.730874110863812e-05,0.0,0.0,0.0,0.0004189999999999879,0.0006664125348961057,1.2166972598893192e-05
VAL   5,R VAL   5,0.0,0.0,0.0,-0.0002049999999999993,0.00040370162248868816,7.370549504616312e-06,-0.00013099999999998483,0.0038849074206043113,7.092838093613971e-05,0.0008936666666666634,0.003930694580972818,7.176433628873763e-05,0.0,0.0,0.0,0.0005576666666666865,0.0008282559319973985,1.5121815244748001e-05
ASP   6,R ASP   6,0.0,0.0,0.0,-0.00019266666666666537,0.00039439348653625127,7.200606970300495e-06,0.010842666666666652,0.11145803655586657,0.002034936027896118,-0.010233000000000174,0.1108314157222583,0.0020234955490437863,0.0,0.0,0.0,0.0004169999999997884,0.0011904247141251395,2.1734082297932587e-05
TRP   7,R TRP   7,0.0,0.0,0.0,-0.00048133333333333833,0.0004996514340573445,9.122345377433752e-06,0.003914666666666667,0.009174569102809223,0.00016750394843328484,-0.00495200000000001,0.009197265680624803,0.00016791832935487698,0.0,0.0,0.0,-0.0015186666666666413,0.0011190702490113734,2.0431333960548416e-05
ARG   8,R ARG   8,0.0,0.0,0.0,-0.0003513333333333371,0.0004773868685062761,8.715851884588e-06,-0.03505666666666724,0.1279528329329039,0.002336088429801379,0.03607000000000007,0.1274359097742861,0.0023266507473189858,0.0,0.0,0.0,0.0006619999999992293,0.0014298330904926057,2.6105061237670854e-05
ALA   9,R ALA   9,0.0,0.0,0.0,-6.733333333333392e-05,0.0002505983949580614,4.575279793103971e-06,0.0009056666666666654,0.0032840170354139337,5.995767365091511e-05,-0.0009603333333333379,0.0032632437679230987,5.957840741098781e-05,0.0,0.0,0.0,-0.00012199999999998627,0.0006458451826869957,1.1791465840457083e-05
ARG  10,R ARG  10,0.0,0.0,0.0,-0.00013433333333333445,0.0003410101008605031,6.225964152613646e-06,0.017079333333333276,0.09023353980766936,0.0016474315065400293,-0.01647866666666666,0.08985736221862345,0.001640563474835084,0.0,0.0,0.0,0.00046633333333372204,0.0008525646928856869,1.556563046753183e-05
GLY  11,R GLY  11,0.0,0.0,0.0,-4.733333333333275e-05,0.00021235086269871323,3.87697858685892e-06,0.0002669999999999947,0.0028403716306145263,5.1857853792843576e-05,0.00018199999999998854,0.0028132204558714213,5.13621434305248e-05,0.0,0.0,0.0,0.00040166666666666134,0.0006488429873414733,1.1846198014865462e-05
ALA  12,R ALA  12,0.0,0.0,0.0,-0.00015899999999999674,0.00036567608617462776,6.6763013712682205e-06,0.00042500000000000003,0.004319919945245918,7.887058668758905e-05,0.0009810000000000005,0.0041160627222302315,7.514868003572061e-05,0.0,0.0,0.0,0.0012470000000000129,0.0009598564128729425,1.7524500309883424e-05
VAL  13,R VAL  13,0.0,0.0,0.0,-0.00039866666666666013,0.0004896238919370099,8.939268343579073e-06,-0.0009389999999999693,0.007609464216793901,0.00013892917340221336,0.004387333333333315,0.007983314237973018,0.0001457547097263329,0.0,0.0,0.0,0.0030496666666666823,0.0014207509360272745,2.5939244541957247e-05
THR  14,R THR  14,0.0,0.0,0.0,-0.0004000000000000003,0.0004898979485566352,8.944271909999151e-06,0.0018829999999999706,0.010854706091522436,0.00019817891271385247,-0.0024249999999999944,0.010841173445096525,0.00019793184152351202,0.0,0.0,0.0,-0.0009420000000000422,0.0015811291324028917,2.886733640485454e-05
ALA  15,R ALA  15,0.0,0.0,0.0,-0.0002523333333333323,0.00043435149616666757,7.93013707788675e-06,0.002828666666666673,0.010064490956934768,0.00018375162423066427,-0.0015913333333333354,0.00966127967139389,0.00017639002701295108,0.0,0.0,0.0,0.0009850000000000308,0.0016336385769196511,2.9826023312984378e-05
VAL  16,R VAL  16,0.0,0.0,0.0,-0.0006723333333333337,0.00048197637102061116,8.799644353082265e-06,-0.006769666666666682,0.011917603781334942,0.00021758468074820043,0.013204666666666687,0.013065735528047863,0.00023854660263694955,0.0,0.0,0.0,0.005762666666666654,0.0023546421289773927,4.2989686963096886e-05
LYS  17,R LYS  17,0.0,0.0,0.0,-0.0012386666666666616,0.0005851252477509081,1.0682876571965711e-05,-0.10497733333333364,0.18405007693439165,0.003360279294917586,0.11741433333333373,0.18441038834048584,0.0033668576510790587,0.0,0.0,0.0,0.011198333333333092,0.005652049529939364,0.00010319183412280867
ASP  18,R ASP  18,0.0,0.0,0.0,-0.0011896666666666735,0.0006008548539835387,1.0970058577108565e-05,0.20265533333333333,0.23272405950299896,0.004248940568798902,-0.19099299999999925,0.22829228987783867,0.004168027895686685,0.0,0.0,0.0,0.010472666666666769,0.00538732335106115,9.835861746501715e-05
GLN  19,R GLN  19,0.0,0.0,0.0,-0.012215666666666585,0.005749535159954696,0.00010497167007587534,-0.031195666666666687,0.0535280491694668,0.0009772839996454214,0.0551743333333332,0.059559756613748044,0.0010874074072289104,0.0,0.0,0.0,0.011763000000000143,0.010874626323082035,0.00019854260471971642
GLY  20,R GLY  20,0.0,0.0,0.0,-0.0012033333333333277,0.0006126354725464591,1.1185142261384419e-05,0.0324966666666667,0.03497703039932846,0.0006385902848085375,-0.026630666666666733,0.03397399387112966,0.0006202774270586659,0.0,0.0,0.0,0.004662666666666686,0.0019861704078172073,3.626234451369065e-05
GLN  21,R GLN  21,0.0,0.0,0.0,-0.002364999999999977,0.0010980778660915312,2.0048067238515627e-05,0.01660566666666646,0.034251114354945704,0.000625336931729759,-0.0015626666666667054,0.03286264454091032,0.0005999870571443528,0.0,0.0,0.0,0.012677999999999669,0.004707191236112581,8.594116075031624e-05
CYX  22,R CYX  22,0.0,0.0,0.0,-0.007881333333333292,0.0037824046437273497,6.905694483272535e-05,-0.00864,0.026644956996274644,0.00048646813302049056,0.03956066666666675,0.03053358237889688,0.0005574643943454691,0.0,0.0,0.0,0.02303933333333331,0.01477253486109315,0.0002697083524984055
GLY  23,R GLY  23,0.0,0.0,0.0,-0.05147500000000002,0.04004587421528794,0.0007311342880909232,0.15844733333333336,0.19641658762153694,0.0035860598569501917,-0.09198966666666676,0.17635856909496128,0.0032198522167547912,-0.0010529327999999982,0.004683654039790319,8.551143230477855e-05,0.013929733866666674,0.04199656212258657,0.0007667488137402567
SER  24,R SER  24,0.0,0.0,0.0,-0.03411366666666705,0.018167353867735683,0.0003316889841179186,-0.021611333333333343,0.042555488540127036,0.0007769533673026723,0.04857666666666666,0.05462265209802807,0.0009972686234948954,0.0,0.0,0.0,-0.007148333333333361,0.03303476447454848,0.0006031295228193499
CYS  25,R CYS  25,0.0,0.0,0.0,-0.2643666666666667,0.17370044009411303,0.0031713216429373496,-0.021487,0.17149783234101423,0.00313110771121375,0.09065866666666689,0.1653246608693196,0.003018401535667266,-0.022597970399999976,0.017637121479255287,0.0003220083094549001,-0.21779297039999984,0.21335486527337005,0.0038953090821233463
TRP  26,R TRP  26,0.0,0.0,0.0,-0.6002500000000014,0.3462402867470297,0.006321453845613506,-0.22352866666666726,0.2923247335496752,0.005337095022728144,0.3009076666666671,0.32305756835981214,0.0058981972521145445,-0.04132643520000021,0.03620097264332243,0.0006609363106791704,-0.5641974351999994,0.33999947142097153,0.006207512667903305
ALA  27,R ALA  27,0.0,0.0,0.0,-0.024621333333333495,0.012256615012128609,0.00022377415069330982,-0.05512133333333324,0.054236002294499416,0.0009902093961866424,0.05395666666666669,0.057943594315698614,0.0010579004556545417,0.0,0.0,0.0,-0.025786000000000073,0.02203193600208536,0.00040224627779507794
PHE  28,R PHE  28,0.0,0.0,0.0,-0.014809333333333204,0.0068340553764872245,0.00012477220963138378,-0.04619499999999987,0.05772796238970081,0.0010539635733216321,0.052994333333333185,0.06240829246092966,0.0011394143185410256,0.0,0.0,0.0,-0.008010000000000017,0.01031690683619209,0.00018836008659538878
SER  29,R SER  29,0.0,0.0,0.0,-0.04028900000000016,0.024680210945883595,0.00045059694196821187,-0.06349366666666678,0.10020229518273957,0.0018294352461792568,0.14269300000000001,0.12427455928038288,0.0022689326480626226,0.0,0.0,0.0,0.038910333333333415,0.03022102402669742,0.0005517578856775928
ALA  30,R ALA  30,0.0,0.0,0.0,-0.012474333333333273,0.005580084338271475,0.00010187793549508582,-0.012362666666666649,0.042150474171578314,0.000769558850443744,0.021861333333333347,0.046468772003955015,0.0008483998215376901,0.0,0.0,0.0,-0.00297566666666669,0.008506531288107744,0.0001553073024206696
ILE  31,R ILE  31,0.0,0.0,0.0,-0.0041909999999999725,0.001540514740814434,2.8125822457109663e-05,-0.018023333333333304,0.024375960607851983,0.0004450421161925957,0.022309999999999983,0.026764875614631034,0.0004886575374317789,0.0,0.0,0.0,9.56666666666554e-05,0.00469025740824056,8.563199276663571e-05
GLY  32,R GLY  32,0.0,0.0,0.0,-0.0014423333333333306,0.0006628281996280876,1.2101531889561363e-05,-0.006931666666666686,0.02487136902589442,0.0004540869950505888,0.020034999999999904,0.0273454159778197,0.0004992567058471347,0.0,0.0,0.0,0.011660999999999986,0.004655328022814253,8.499427235604304e-05
ASN  33,R ASN  33,0.0,0.0,0.0,-0.0031206666666666674,0.0010967100295378696,2.0023094074001608e-05,-0.0002209999999999373,0.02381632827144716,0.0004348246743739877,0.021708999999999985,0.027127605601428628,0.0004952800506335319,0.0,0.0,0.0,0.018367333333333426,0.00669062026687749,0.00012215345479566785
VAL  34,R VAL  34,0.0,0.0,0.0,-0.00141833333333334,0.0005932935379912838,1.0832008465995814e-05,-0.003487000000000036,0.013166415520811537,0.00024038475940782027,0.009063666666666654,0.014307932993816944,0.0002612259217328655,0.0,0.0,0.0,0.004158333333333364,0.002635260370859463,4.811305166730525e-05
GLU  35,R GLU  35,0.0,0.0,0.0,-0.000829666666666657,0.0004226738958371834,7.716934240620475e-06,0.06129366666666657,0.17355655205116532,0.003168694618708092,-0.064627,0.17231087759531194,0.003145951818748796,0.0,0.0,0.0,-0.004163000000000084,0.004307872367344858,7.865062901493199e-05
CYS  36,R CYS  36,0.0,0.0,0.0,-0.0005319999999999971,0.0004989749492709873,9.109994511523857e-06,0.002658666666666668,0.009809493270410112,0.00017909602472995808,0.0003493333333333347,0.010065218968750173,0.00018376491584711182,0.0,0.0,0.0,0.002476000000000034,0.0019456166117711698,3.552193688412803e-05
GLN  37,R GLN  37,0.0,0.0,0.0,-0.0007843333333333472,0.0004271860120472939,7.799313834965884e-06,0.003441666666666521,0.020595046262525167,0.0003760123803615832,0.005206333333333335,0.02108577150328837,0.00038497175649168853,0.0,0.0,0.0,0.00786366666666652,0.0024154530055916223,4.409993659187279e-05
TRP  38,R TRP  38,0.0,0.0,0.0,-0.00036266666666666375,0.00048076975316210894,8.777614625769258e-06,-0.0037036666666666503,0.005586816614932773,0.0001020008494881111,0.0031829999999999905,0.005510853926570712,0.00010061396688995658,0.0,0.0,0.0,-0.0008833333333333407,0.0008712379442813226,1.590655583457698e-05
PHE  39,R PHE  39,0.0,0.0,0.0,-0.00019699999999999668,0.0003977323220458647,7.2615654877809795e-06,-0.0005939999999999999,0.005026181187873475,9.176509382354712e-05,0.0011400000000000086,0.005046226312800474,9.213106605989799e-05,0.0,0.0,0.0,0.0003489999999999934,0.0007796574033937273,1.4234531565488308e-05
LEU  40,R LEU  40,0.0,0.0,0.0,-0.0002313333333333327,0.0004216849798394796,7.698879187306472e-06,0.00039299999999994857,0.00541225932490309,9.881388397723679e-05,6.799999999999484e-05,0.0053905512395919924,9.841755037706565e-05,0.0,0.0,0.0,0.00022966666666661133,0.0007726059078785946,1.410578946022882e-05
ALA  41,R ALA  41,0.0,0.0,0.0,-8.566666666666708e-05,0.0002798712005349775,5.109725657635303e-06,-0.00014700000000000845,0.0031347606500869234,5.723263734773889e-05,0.00016833333333332815,0.0031245261863023276,5.7045782458445794e-05,0.0,0.0,0.0,-6.433333333332765e-05,0.0006507902034364687,1.1881749154184332e-05
GLY  42,R GLY  42,0.0,0.0,0.0,-3.766666666666663e-05,0.00019038878351648975,3.4760077142649723e-06,0.000274333333333336,0.002763284498965339,5.045044176292257e-05,-0.00016799999999999888,0.002755680678162836,5.0311615623697304e-05,0.0,0.0,0.0,6.866666666668137e-05,0.0006109704484579098,1.1154743219648153e-05
HID  43,R HID  43,0.0,0.0,0.0,-0.00011566666666666233,0.00031982477841605895,5.839174852918895e-06,-0.0008153333333333383,0.0035352366571733637,6.454429544176695e-05,0.001001666666666659,0.003495854290759615,6.382527509334216e-05,0.0,0.0,0.0,7.066666666669145e-05,0.000666587995358075,1.2170176053992221e-05
PRO  44,R PRO  44,0.0,0.0,0.0,-6.600000000000116e-05,0.0002482820976228493,4.532990183091145e-06,-0.00044499999999999716,0.004037198905181674,7.37088303167721e-05,0.0004016666666666658,0.004025129052451463,7.348846596323538e-05,0.0,0.0,0.0,-0.00010933333333333254,0.000629322033796938,1.1489795794853715e-05
LEU  45,R LEU  45,0.0,0.0,0.0,-0.00016033333333333185,0.00036691491596220564,6.698919205253745e-06,0.0004360000000000461,0.004244671640225311,7.749674688512852e-05,0.000357999999999999,0.004265657745295561,7.787989898983351e-05,0.0,0.0,0.0,0.0006336666666667274,0.0007435051370965646,1.357448450695865e-05
THR  46,R THR  46,0.0,0.0,0.0,-0.0001719999999999969,0.0003773804446443858,6.889992743101992e-06,-0.0008173333333332972,0.004140285765768126,7.559093028095843e-05,0.002072,0.004063350341774638,7.418628804120986e-05,0.0,0.0,0.0,0.0010826666666667064,0.0009319332355676052,1.701469517363844e-05
ASN  47,R ASN  47,0.0,0.0,0.0,-0.00028133333333333537,0.000449649740229986,8.209443523343383e-06,-0.0037293333333334954,0.011487619693488361,0.00020973428127213858,0.008099333333333321,0.012343127624534787,0.00022535364767076196,0.0,0.0,0.0,0.004088666666666505,0.0019963645848278954,3.644846387048913e-05
LEU  48,R LEU  48,0.0,0.0,0.0,-0.0006903333333333288,0.0004637958123523092,8.467714283393096e-06,0.007986333333333333,0.008861798908172637,0.00016179357206936017,-0.0035500000000000024,0.00805010351900315,0.00014697410958699144,0.0,0.0,0.0,0.0037460000000001004,0.001874428979716251,3.4222234487732805e-05
SER  49,R SER  49,0.0,0.0,0.0,-0.0007360000000000027,0.00045713309513383687,8.346070266231918e-06,-0.0026710000000000197,0.015660356285857675,0.00028591767987773566,0.009131333333333318,0.015017636905393032,0.00027418328311686134,0.0,0.0,0.0,0.0057243333333333165,0.002756992544220702,5.033556691144126e-05
GLH  50,R GLH  50,0.0,0.0,0.0,-0.0033443333333333485,0.0012903880122747497,2.3559154075237787e-05,-0.0047286666666666475,0.013893705225348885,0.0002536631919750327,0.02296100000000013,0.01761965225725685,0.0003216893665565465,0.0,0.0,0.0,0.014887999999999929,0.007345573905420779,0.00013411121752734267
GLN  51,R GLN  51,0.0,0.0,0.0,-0.0016363333333333225,0.0006880503050084304,1.2562022425047568e-05,0.011754333333333193,0.013781411921699125,0.00025161300612617436,-0.004740000000000001,0.012559899150338106,0.00022931133615433833,0.0,0.0,0.0,0.005377999999999893,0.0033488977291043958,6.114222763361009e-05
MET  52,R MET  52,0.0,0.0,0.0,-0.0016020000000000019,0.0006901178643294641,1.259977072101791e-05,-0.0020793333333333284,0.009412281315151818,0.00017184395979643471,0.008185999999999994,0.010088610938412882,0.00018419199282873657,0.0,0.0,0.0,0.0045046666666666724,0.0026633271589415323,4.862547876561414e-05
LEU  53,R LEU  53,0.0,0.0,0.0,-0.007987333333333296,0.0031947623107553688,5.832811278226816e-05,-0.006818666666666625,0.026733133964343906,0.00048807801683595545,0.02567900000000005,0.031157555942874223,0.0005688565408880453,0.0,0.0,0.0,0.010873000000000072,0.008209925151912118,0.00014989204003770982
VAL  54,R VAL  54,0.0,0.0,0.0,-0.006714333333333298,0.002811534792402456,5.1331367566980976e-05,-0.0027023333333333153,0.02218217891060794,0.000404989325465178,0.01328266666666664,0.024095036132411648,0.0004399131604541298,0.0,0.0,0.0,0.003865999999999953,0.00692767714798162,0.00012648150150208626
SER  55,R SER  55,0.0,0.0,0.0,-0.0013906666666666622,0.000732151775400609,1.3367201430145649e-05,0.005623333333333329,0.009255203341304245,0.00016897612147765065,-0.004290333333333335,0.010480173657382184,0.00019134091729065467,0.0,0.0,0.0,-5.7666666666681115e-05,0.0035319033427066255,6.448343772427727e-05
CYX  56,R CYX  56,0.0,0.0,0.0,-0.0018419999999999973,0.0010656935144151916,1.9456812574405245e-05,-0.010932999999999993,0.01792526646013022,0.00032726909298347,0.01573166666666666,0.017452841140882733,0.0003186438261805224,0.0,0.0,0.0,0.002956666666666662,0.0027209291713595585,4.9677142817582324e-05
ASP  57,R ASP  57,0.0,0.0,0.0,-0.015959333333333457,0.016602219115393852,0.00030311366380482256,0.2015823333333336,0.6154278787054495,0.011236124389484264,-0.12672233333333316,0.6104824927065654,0.01114583440724563,-0.00019578960000000005,0.0033236764155211984,6.06817515542958e-05,0.058704877066666605,0.05686650072937046,0.0010382355071953393
LYS  58,R LYS  58,0.0,0.0,0.0,-0.011864000000000069,0.01898731604694709,0.00034665937684642465,0.0430093333333333,0.3998618443657197,0.007300445068157489,-0.00507399999999969,0.3971952540720151,0.007251760012974612,-0.0003027336000000001,0.004177711429774805,7.6274226294494e-05,0.02576859973333372,0.027049513749288632,0.0004938542950010508
THR  59,R THR  59,0.0,0.0,0.0,-0.10086633333333321,0.22451341563454383,0.004099035406852423,-0.043433999999999966,0.1510048883667899,0.002756959455068009,0.12822266666666665,0.17806326708847678,0.0032509756015808655,-0.024268591200000054,0.07178708496871296,0.001310646859163471,-0.04034625786666666,0.2059652170326214,0.0037603931810071332
ASP  60,R ASP  60,0.0,0.0,0.0,-0.022790000000000143,0.05312790133253972,0.0009699783330913593,0.17680366666666694,0.5409490861315467,0.009876333897868437,-0.136306,0.5457409223835069,0.009963820458104091,-0.00026953919999999997,0.0027378479497560406,4.998603603668847e-05,0.01743812746666692,0.055256982095471315,0.0010088498517782907
SER  61,R SER  61,0.0,0.0,0.0,-0.014708333333333498,0.04306219452399233,0.0007862045105488678,0.009609999999999973,0.06694201396233422,0.001222188369733208,0.028963333333333344,0.07416535571875128,0.0013540679437518282,-0.0013217136000000004,0.01053056075531285,0.00019226085562878292,0.022543286399999928,0.026048038570098478,0.0004755699434535849
GLY  62,R GLY  62,0.0,0.0,0.0,-0.008449333333333298,0.0062613709538903795,0.00011431647041178,0.021287333333333314,0.05637815273864712,0.0010293195335142895,0.013550333333333334,0.056610494903526674,0.0010335615016730934,0.0,0.0,0.0,0.026388333333333448,0.015345320586057424,0.00028016594123773486
CYX  63,R CYX  63,0.0,0.0,0.0,-0.022884000000000085,0.01390308876952631,0.00025383451126887677,0.04340066666666659,0.09187378370835121,0.0016773781260138196,0.01241566666666666,0.08786366838017999,0.0016041637718992659,-8.318399999999995e-06,0.0002589171661776021,4.727159081359544e-06,0.03292401493333334,0.02822910326532454,0.000515390554552033
SER  64,R SER  64,0.0,0.0,0.0,-0.20291866666666655,0.24132680756922906,0.004406004541212507,-0.024970000000000363,0.46761117084603543,0.00853737288045919,0.28848700000000105,0.43622761241237373,0.007964390117495923,-0.03583481040000003,0.059023534881451865,0.0010776173826088065,0.024763522933333285,0.153127840514507,0.002795719081061632
GLY  65,R GLY  65,0.0,0.0,0.0,-0.6351373333333326,0.40519137594420257,0.007397748557039862,-0.5373373333333344,0.8653249514139512,0.015798599848716097,0.916137000000002,0.7280582876604028,0.013292464911006259,-0.12082775280000008,0.0769155698508227,0.0014042797543553285,-0.37716541946666726,0.4858389129078772,0.008870164397114404
GLY  66,R GLY  66,0.0,0.0,0.0,-1.0422133333333328,0.5405813560315366,0.009869620095506798,-0.605252,0.888967880088664,0.016230258694070295,1.1962320000000006,0.68066106507522,0.012427113978572992,-0.1506686640000001,0.06858903402922203,0.001252258704509812,-0.6019019973333328,0.6404579839126202,0.011693109497440762
LEU  67,R LEU  67,0.0,0.0,0.0,-2.238993333333327,0.775408335839206,0.014156954560555822,0.16825266666666677,0.313173759266144,0.0057177444122919864,0.18378266666666598,0.27315585191038616,0.00498712072686197,-0.3724225607999999,0.09179624693104546,0.0016759625046149325,-2.2593805608000013,0.786322172410343,0.01435621304318704
MET  68,R MET  68,0.0,0.0,0.0,-0.44058666666666674,0.24033112814522323,0.004387826005193449,-0.004901333333333349,0.2009149063614301,0.003668187545106449,-0.07952899999999977,0.1746000014098894,0.0031877453104210076,-0.017690328000000012,0.01244425928920227,0.00022720005080464293,-0.5427073279999988,0.3130127316376102,0.005714804463474336
ASN  69,R ASN  69,0.0,0.0,0.0,-0.048573333333333524,0.02248061288211558,0.00041043795940253093,0.013337666666666607,0.09456616897472157,0.0017265341308100063,0.08728666666666654,0.109480645879636,0.0019988339786170552,-0.00014274960000000005,0.0024459040810669262,4.465589462314333e-05,0.05190825040000004,0.031648654616475966,0.0005778227349377966
ASN  70,R ASN  70,0.0,0.0,0.0,-0.15554899999999985,0.24875464672175807,0.00454161770979118,-0.026277666666666703,0.3085312754020602,0.005632984641118239,0.2806990000000002,0.4160103240694081,0.007595274621594972,-0.027225117600000005,0.0649010674815255,0.0011849259555265505,0.0716472157333334,0.17062017260366102,0.003115083910015003
ALA  71,R ALA  71,0.0,0.0,0.0,-0.017472000000000057,0.00878528405915268,0.0001603966084429491,0.014201333333333323,0.04109491612785643,0.0007502870854003273,0.010116666666666687,0.04561968568745536,0.000832897697243829,-3.1920000000000095e-07,1.7480389908694882e-05,3.1914679556592856e-07,0.006845680799999997,0.011152975234607348,0.0002036245373096972
PHE  72,R PHE  72,0.0,0.0,0.0,-0.011938666666666634,0.0036827849365514216,6.723814613964819e-05,0.017903999999999955,0.02478404293088603,0.00045249264598075763,-0.031394000000000165,0.025547735007236786,0.00046643569188759985,0.0,0.0,0.0,-0.025428666666666756,0.01046885435735689,0.00019113425609202059
GLU  73,R GLU  73,0.0,0.0,0.0,-0.006995000000000011,0.005878518095574702,0.00010732656552161914,-0.11559466666666655,0.27349088535370875,0.0049932375726761844,0.13581866666666634,0.2709610742983005,0.004947049753300416,-1.4327999999999749e-06,7.846460733451601e-05,1.4325611800966575e-06,0.013227567199999634,0.008749308463168345,0.000159739786928272
TRP  74,R TRP  74,0.0,0.0,0.0,-0.007196666666666666,0.006518383405586306,0.00011900885432356553,0.006429333333333352,0.02364657141226923,0.000431725352338555,0.0024853333333333164,0.024227899583377357,0.0004423389040928598,-3.214799999999999e-05,0.0011800495297469504,2.1544658213858942e-05,0.0016858519999999506,0.005843166318072384,0.00010668113332208836
ILE  75,R ILE  75,0.0,0.0,0.0,-0.0025396666666666528,0.0010403973065881847,1.899496911953223e-05,0.004759666666666654,0.014382115278667833,0.000262580298758869,-0.0016939999999999982,0.01454183725210353,0.00026549640968486806,0.0,0.0,0.0,0.000526000000000036,0.0020898143458211883,3.815461527347223e-05
VAL  76,R VAL  76,0.0,0.0,0.0,-0.001155,0.000601920537391267,1.0989515205160958e-05,0.007272999999999993,0.013367116530251905,0.00024404904174730516,-0.005385333333333336,0.013356004325978457,0.00024384616158249942,0.0,0.0,0.0,0.0007326666666667373,0.0014694215037066424,2.6827843468776302e-05
GLN  77,R GLN  77,0.0,0.0,0.0,-0.0015246666666666599,0.0011818311592138823,2.1577186168797423e-05,0.011821999999999836,0.0280445654153052,0.0005120213697797298,-0.00400933333333334,0.0282485500434191,0.0005157456025198059,0.0,0.0,0.0,0.006287999999999834,0.002956753174232454,5.3982680350070585e-05
GLU  78,R GLU  78,0.0,0.0,0.0,-0.0012903333333333339,0.0009685245938482856,1.768275891830784e-05,-0.02508466666666663,0.19277124482545505,0.0035195053076417585,0.03579300000000002,0.19156486321261146,0.0034974798935646285,0.0,0.0,0.0,0.009418000000000058,0.0047075764465384345,8.594819369830377e-05
ASN  79,R ASN  79,0.0,0.0,0.0,-0.0006669999999999988,0.0005574743641340288,1.017804281556855e-05,0.007489333333333325,0.014348561584896165,0.0002619676949266569,-0.002369999999999992,0.014226750624557022,0.0002597437412356864,0.0,0.0,0.0,0.004452333333333397,0.002170497920344978,3.9627689066366526e-05
ASN  80,R ASN  80,0.0,0.0,0.0,-0.0003080000000000015,0.0004616665463297133,8.428839382342927e-06,0.0015276666666667181,0.007956626246231628,0.00014526745588995722,0.0003683333333333373,0.007966178332313572,0.00014544185232390094,0.0,0.0,0.0,0.0015880000000001312,0.0013404934414857266,2.4473949869648795e-05
GLY  81,R GLY  81,0.0,0.0,0.0,-0.00025733333333333505,0.00043716460159634693,7.981497121235939e-06,0.0005223333333333257,0.005372228081118261,9.808301680303883e-05,0.0009403333333333323,0.005338424226513094,9.746584567977633e-05,0.0,0.0,0.0,0.0012053333333333232,0.0008808167926545618,1.608144087887514e-05
ALA  82,R ALA  82,0.0,0.0,0.0,-0.00027166666666666864,0.00044481893944490905,8.121245571316707e-06,-0.0004043333333333324,0.009026637315314185,0.00016480309586718172,0.0022673333333333295,0.00890564612416691,0.000162594109045489,0.0,0.0,0.0,0.0015913333333333129,0.0009850507037147632,1.7984483023697123e-05
VAL  83,R VAL  83,0.0,0.0,0.0,-0.0006389999999999944,0.00048512438267586395,8.85711891957797e-06,-0.003181999999999989,0.007515863844784168,0.00013722027223085983,0.006218,0.008070964998065564,0.00014735498634250494,0.0,0.0,0.0,0.002396999999999997,0.0012234068551930204,2.2336251053189116e-05
TYR  84,R TYR  84,0.0,0.0,0.0,-0.0004966666666666848,0.0005006551263650175,9.140670208023984e-06,0.0012403333333333346,0.008142475456245201,0.00014866058271058885,-0.0021266666666666626,0.008143542772583032,0.00014868006915172966,0.0,0.0,0.0,-0.0013830000000000224,0.000921038001387549,1.6815776322647837e-05
THR  85,R THR  85,0.0,0.0,0.0,-0.00019399999999999547,0.00039542888108987865,7.2195106020651514e-06,0.0021576666666666662,0.006539123887970206,0.00011938752199207222,-0.00047099999999999784,0.006436652261333764,0.000117516654611638,0.0,0.0,0.0,0.0014926666666666695,0.0010519566953485955,1.9206013718700518e-05
GLU  86,R GLU  86,0.0,0.0,0.0,-0.0004119999999999987,0.0004921950832749108,8.986211660093412e-06,0.11112699999999995,0.17077640412051462,0.0031179362942141352,-0.10992033333333365,0.16892317184612496,0.003084101056848141,0.0,0.0,0.0,0.0007946666666666147,0.0027760592372806222,5.068367550763944e-05
ASP  87,R ASP  87,0.0,0.0,0.0,-0.00011500000000000185,0.0003190219428189905,5.824517147369477e-06,0.04877033333333329,0.09394036895759393,0.001715108637947742,-0.04925566666666656,0.09366902174441444,0.0017101545382952564,0.0,0.0,0.0,-0.0006003333333333814,0.0007754137963404292,1.415705425521233e-05
SER  88,R SER  88,0.0,0.0,0.0,-9.599999999999882e-05,0.0002945912422323476,5.378475620470844e-06,-0.00017266666666663049,0.003956958371723805,7.224384531006802e-05,0.0011319999999999915,0.0040907101258013225,7.468580707053934e-05,0.0,0.0,0.0,0.000863333333333349,0.0007720031663723438,1.4094784956251546e-05
TYR  89,R TYR  89,0.0,0.0,0.0,-0.0005929999999999913,0.0004933061929471149,9.006497654471023e-06,0.004101333333333345,0.010069147508878603,0.0001838366408486587,-0.004364666666666675,0.010063780844637315,0.00018373865941320836,0.0,0.0,0.0,-0.0008563333333332808,0.0009648971735659304,1.7616531587834585e-05
PRO  90,R PRO  90,0.0,0.0,0.0,-0.0002750000000000016,0.00044651427748729834,8.152198067597148e-06,0.0016713333333333354,0.006905020749828029,0.0001260678541574016,-0.0009846666666666647,0.0069078046359816,0.00012611868073219616,0.0,0.0,0.0,0.0004116666666666804,0.0008331849867959765,1.5211807061426675e-05
TYR  91,R TYR  91,0.0,0.0,0.0,-0.002394666666666666,0.0009130013995365155,1.6669048718664542e-05,-0.004853999999999963,0.007747861038161948,0.00014145594210055644,0.0038213333333333294,0.007800389619898695,0.00014241497840492213,0.0,0.0,0.0,-0.003427333333333305,0.00235288182637561,4.295754838166251e-05
ALA  92,R ALA  92,0.0,0.0,0.0,-0.0003966666666666654,0.0004892057054268864,8.931633337417771e-06,-0.00391233333333334,0.00889437919262625,0.00016238840396019946,0.0073783333333333374,0.009408570413310485,0.00017177620830819521,0.0,0.0,0.0,0.003069333333333312,0.001484091042430462,2.7095671377684022e-05
SER  93,R SER  93,0.0,0.0,0.0,-0.0013436666666666731,0.0006394475914586351,1.1674662339474742e-05,-0.0017160000000000046,0.011049434857343022,0.00020173415730168832,0.0072973333333333145,0.012251758767168348,0.00022368548819632627,0.0,0.0,0.0,0.004237666666666667,0.0029117888926836082,5.3161748640526715e-05
GLY  94,R GLY  94,0.0,0.0,0.0,-0.0006036666666666628,0.0004932070784388635,9.00468807940618e-06,0.00913766666666663,0.013105344249156348,0.0002392697556377845,-0.008745333333333346,0.013168186848951293,0.00024041709928711655,0.0,0.0,0.0,-0.00021133333333332778,0.0012444563293083073,2.2720560113074576e-05
GLU  95,R GLU  95,0.0,0.0,0.0,-0.000627999999999991,0.0004982797072595442,9.097301187104102e-06,0.1625946666666671,0.16863951604400268,0.0030789222341351544,-0.15756166666666682,0.1668786910619674,0.0030467741153858427,0.0,0.0,0.0,0.004405000000000139,0.002696103670113696,4.922389324979127e-05
GLY  96,R GLY  96,0.0,0.0,0.0,-0.0007939999999999944,0.00061986342581786,1.1317106029762404e-05,0.0031139999999999983,0.014190384209033926,0.0002590797843650995,0.0027023333333333374,0.014898715645614843,0.0002720120878986131,0.0,0.0,0.0,0.005022333333333321,0.0027969926508463884,5.106586560149126e-05
ILE  97,R ILE  97,0.0,0.0,0.0,-0.000917666666666652,0.0005912313891832707,1.079435895202644e-05,0.0014963333333333532,0.010159920597896211,0.00018549392313097095,0.0015453333333333296,0.009900030886596039,0.0001807490078862173,0.0,0.0,0.0,0.0021240000000000776,0.0014326981538342503,2.6157369898367514e-05
SER  98,R SER  98,0.0,0.0,0.0,-0.0011609999999999893,0.000671624150846323,1.2262123252792782e-05,-0.004785000000000018,0.01527134926368111,0.00027881541584193507,0.008762999999999998,0.015253223626499389,0.00027848448849681566,0.0,0.0,0.0,0.0028170000000000035,0.0024825076703473914,4.53241816742955e-05
PRO  99,R PRO  99,0.0,0.0,0.0,-0.0005856666666666675,0.000505959045334242,9.23750607677811e-06,0.009505666666666659,0.015500278531547696,0.0002829950733113908,-0.009743666666666638,0.01546751304796259,0.0002823968601624865,0.0,0.0,0.0,-0.0008236666666666217,0.0011105133447594571,2.0275106977842202e-05
PRO 100,R PRO 100,0.0,0.0,0.0,-0.0003723333333333316,0.00048342654273655634,8.826120745118238e-06,0.004256333333333322,0.007630943141068659,0.00013932132311342103,-0.0030896666666666594,0.007542565427109172,0.00013770777419620938,0.0,0.0,0.0,0.0007943333333333704,0.0008668147950334197,1.58258005473007e-05
CYX 101,R CYX 101,0.0,0.0,0.0,-0.0004906666666666697,0.0005032357521303644,9.187785772829301e-06,-0.0039943333333333116,0.008044519949768464,0.00014687216802628376,0.00569999999999998,0.008068209218903544,0.00014730467292882026,0.0,0.0,0.0,0.0012150000000000093,0.0009825689119175058,1.7939171912017484e-05
THR 102,R THR 102,0.0,0.0,0.0,-0.0002503333333333334,0.00043320498099116663,7.909204670415288e-06,0.004898666666666666,0.008257021147013138,0.00015075189133387587,-0.003635333333333333,0.008177755492119394,0.0001493047050931851,0.0,0.0,0.0,0.0010130000000000354,0.0010912520332168588,1.9923445150541678e-05
THR 103,R THR 103,0.0,0.0,0.0,-0.0002006666666666668,0.00040049913302722174,7.312080314009054e-06,-0.0002516666666667161,0.004159927550117019,7.594953855954311e-05,0.0006603333333333268,0.004178870647542107,7.629539061850107e-05,0.0,0.0,0.0,0.00020799999999996643,0.0008335082483095058,1.5217708982191118e-05
SER 104,R SER 104,0.0,0.0,0.0,-7.466666666666639e-05,0.000262852725980833,4.799012244047549e-06,0.002418333333333328,0.0041954734205119654,7.65985143942587e-05,-0.00241966666666667,0.004188501707717916,7.647122891553375e-05,0.0,0.0,0.0,-7.600000000001243e-05,0.0006441200716222452,1.1759969765644897e-05
GLY 105,R GLY 105,0.0,0.0,0.0,-4.09999999999998e-05,0.00019829019138625992,3.6202670251423714e-06,0.0005946666666666634,0.0020377368710301053,3.720381501743947e-05,-0.0005823333333333347,0.002029914913378288,3.7061006262447785e-05,0.0,0.0,0.0,-2.8666666666674908e-05,0.0006206272812423047,1.1331052057983772e-05
HID 106,R HID 106,0.0,0.0,0.0,-0.00018899999999999207,0.00039150862059472946,7.147936765248832e-06,-0.0025893333333333176,0.006265834838409165,0.00011439796941994789,0.002893333333333338,0.006326501578457273,0.00011550558748710294,0.0,0.0,0.0,0.00011500000000004254,0.0007410184433152284,1.3529083897703794e-05
THR 107,R THR 107,0.0,0.0,0.0,-9.233333333333352e-05,0.0002894959220591702,5.285448227252164e-06,0.0018183333333333706,0.003798859112359383,6.935736095410954e-05,-0.0018156666666666673,0.0037692202406097493,6.881623166623364e-05,0.0,0.0,0.0,-8.966666666663088e-05,0.0006650512929257421,1.2142119834446828e-05
VAL 108,R VAL 108,0.0,0.0,0.0,-0.00013466666666666713,0.00034136718582130276,6.23248360221284e-06,0.0002409999999999961,0.004307309949376758,7.864036071466951e-05,0.00046933333333332904,0.004339630501423936,7.923045056224482e-05,0.0,0.0,0.0,0.0005756666666666591,0.0007025723371218678,1.2827157244025705e-05
GLY 109,R GLY 109,0.0,0.0,0.0,-8.733333333333316e-05,0.00028232290417573596,5.154487437247335e-06,-0.0019016666666666644,0.005276109414668715,9.632813807598113e-05,0.0029769999999999957,0.0054163768025006,9.888905848924275e-05,0.0,0.0,0.0,0.0009880000000000045,0.0007632317254062853,1.3934641086953708e-05
ALA 110,R ALA 110,0.0,0.0,0.0,-0.00018699999999999132,0.0003899115284266239,7.118777985019291e-06,0.00226633333333333,0.0038737664559902974,7.072497568175763e-05,-0.0015859999999999997,0.0038100661411581984,6.956197236996691e-05,0.0,0.0,0.0,0.0004933333333333482,0.000767217193643494,1.4007405448811692e-05
THR 111,R THR 111,0.0,0.0,0.0,-0.0002416666666666652,0.0004280933179680428,7.815878898944289e-06,0.0015130000000000254,0.005239385873681375,9.565766101630672e-05,0.000678999999999997,0.0053585407528542765,9.783312152163341e-05,0.0,0.0,0.0,0.0019503333333333683,0.0010572920862067518,1.9303424182904488e-05
ILE 112,R ILE 112,0.0,0.0,0.0,-0.0009563333333333203,0.00044545095752002124,8.132784589866371e-06,0.0033869999999999946,0.00650691153057016,0.00011879940749945809,-0.000951666666666668,0.006594542988124517,0.0001203993317011107,0.0,0.0,0.0,0.0014790000000000348,0.0009246038791467792,1.6880880045515713e-05
THR 113,R THR 113,0.0,0.0,0.0,-0.0003850000000000007,0.0004865953144040743,8.883974335847666e-06,-0.0006853333333333289,0.0060070778993524315,0.00010967373567220248,0.003785666666666683,0.006134524802750057,0.00011200058713470453,0.0,0.0,0.0,0.0027153333333333135,0.0014837895927507973,2.709016768470052e-05
GLY 114,R GLY 114,0.0,0.0,0.0,-0.0005876666666666642,0.0004936070186786938,9.011989955773147e-06,0.005520333333333342,0.009932316944645324,0.00018133846796243447,-0.0018086666666666687,0.009762687039039078,0.0001782414637715007,0.0,0.0,0.0,0.0031240000000000104,0.0013677075710838312,2.497080962510716e-05
HIE 115,R HIE 115,0.0,0.0,0.0,-0.005463999999999987,0.0019301219305180826,3.523904400267242e-05,-0.005294666666666643,0.02122637914378129,0.00038753888904020684,0.01729366666666665,0.021395282031845632,0.00039062261976756054,0.0,0.0,0.0,0.006535,0.005880315326012167,0.00010735937831000695
VAL 116,R VAL 116,0.0,0.0,0.0,-0.0032233333333333038,0.0010027240675059888,1.83071530242121e-05,-0.006123999999999987,0.019463246320522355,0.0003553486350676506,0.0066926666666666645,0.019784426861100005,0.0003612125626378533,0.0,0.0,0.0,-0.0026546666666666207,0.0036128582713537407,6.596146574298548e-05
GLU 117,R GLU 117,0.0,0.0,0.0,-0.022134333333333436,0.016004799943211277,0.0002922063319084739,-0.3732143333333326,0.6476503020364383,0.011824422660013042,0.5132816666666656,0.6446697260333307,0.011770005036304355,-0.0005144039999999997,0.0045386635283246116,8.286427984631257e-05,0.11741859600000025,0.06396658464350022,0.0011678647111936207
LEU 118,R LEU 118,0.0,0.0,0.0,-0.006377666666666632,0.0027441515790657595,5.010112403559126e-05,-0.02855233333333331,0.04230712226748054,0.0007724188403009401,0.04621833333333331,0.04248874357468763,0.0007757347765303034,0.0,0.0,0.0,0.011288333333333294,0.003925539948706296,7.167022600980371e-05
PRO 119,R PRO 119,0.0,0.0,0.0,-0.003803333333333315,0.002005822081397641,3.662113334411504e-05,-0.010405333333333353,0.02668604575845252,0.00048721830775065014,0.01781133333333334,0.02773365713753278,0.000506344987211362,0.0,0.0,0.0,0.003602666666666661,0.0027371748614623873,4.997374718196758e-05
GLN 120,R GLN 120,0.0,0.0,0.0,-0.03684966666666687,0.05619727514054587,0.0010260171754933759,0.05401733333333313,0.13576692417358374,0.002478753564432175,0.020740333333333298,0.12344679112836002,0.0022538197384210468,-0.007391498399999994,0.02249627066838407,0.0004107238301605258,0.0305165015999996,0.03117752805060527,0.0005692211800188858
ASP 121,R ASP 121,0.0,0.0,0.0,-0.0021173333333333356,0.0011046415205345512,2.0167902625119327e-05,-0.13499800000000037,0.20634317369211222,0.0037672936939458805,0.13941033333333347,0.20497770438079863,0.003742363749166297,0.0,0.0,0.0,0.002294999999999952,0.0029671493053095702,5.417248686679449e-05
GLU 122,R GLU 122,0.0,0.0,0.0,-0.0021713333333333346,0.0009284278228393384,1.6950695386150523e-05,-0.09538833333333348,0.22569199261505857,0.004120553180118565,0.0901683333333334,0.22419341797628417,0.0040931930756598345,0.0,0.0,0.0,-0.007391333333333421,0.004936212268081191,9.012249359539354e-05
ALA 123,R ALA 123,0.0,0.0,0.0,-0.00043699999999999805,0.0004960151207372523,9.055955683048053e-06,0.003563666666666667,0.006726015156754329,0.0001227996741158664,-0.003394333333333338,0.006688709483566738,0.0001221185688249411,0.0,0.0,0.0,-0.0002676666666666608,0.0010456359574706417,1.9090613361506098e-05
GLN 124,R GLN 124,0.0,0.0,0.0,-0.0009863333333333289,0.0005267635986748251,9.617343515560003e-06,0.006571333333333383,0.016221228217643817,0.0002961577535080946,0.0028816666666666726,0.016485579472847085,0.0003009841250274158,0.0,0.0,0.0,0.008466666666666628,0.0030946548901111494,5.650040970025158e-05
ILE 125,R ILE 125,0.0,0.0,0.0,-0.003467333333333314,0.001351394177219294,2.4672969164804715e-05,0.006856999999999971,0.01281444046118818,0.00023395860341332233,0.00022666666666666782,0.012681822511856079,0.00023153734200068003,0.0,0.0,0.0,0.003616333333333333,0.00206392826641063,3.76820022861878e-05
ALA 126,R ALA 126,0.0,0.0,0.0,-0.00044800000000000433,0.0004972886485734399,9.079207013831076e-06,0.0021746666666666637,0.005903176395429458,0.00010777676242362501,-0.003814999999999992,0.0059756261875499785,0.00010909950860465731,0.0,0.0,0.0,-0.002088333333333338,0.0012208728662541416,2.2289986956446033e-05
ALA 127,R ALA 127,0.0,0.0,0.0,-0.0002673333333333333,0.00044256776003480353,8.080144846519841e-06,0.004626666666666664,0.006277097701609893,0.00011460360022785235,-0.003947999999999993,0.006161436196212709,0.00011249191970981757,0.0,0.0,0.0,0.00041133333333330817,0.0008756739626646768,1.5987546079046004e-05
TRP 128,R TRP 128,0.0,0.0,0.0,-0.0015553333333333322,0.0005665140971080958,1.034308500435921e-05,0.005504666666666669,0.007827088319136057,0.00014290242773253375,-0.005491666666666621,0.00787768560908321,0.00014382620363428993,0.0,0.0,0.0,-0.0015423333333333695,0.001413108118848552,2.5799706429568103e-05
LEU 129,R LEU 129,0.0,0.0,0.0,-0.0009099999999999964,0.00041380349603804313,7.554983638484528e-06,0.004607666666666651,0.00782110869520565,0.00014279325523546438,-0.0026406666666666653,0.0077649777562821,0.00014176844918805192,0.0,0.0,0.0,0.0010570000000000358,0.0014400524296010893,2.6291639989421226e-05
ALA 130,R ALA 130,0.0,0.0,0.0,-0.00016866666666666538,0.0003744572368404958,6.836622514619802e-06,0.003460666666666653,0.004349688060335128,7.941407562521472e-05,-0.004136666666666666,0.004354077271809562,7.949421129635499e-05,0.0,0.0,0.0,-0.0008446666666666794,0.0008217085182039154,1.5002276370480962e-05
VAL 131,R VAL 131,0.0,0.0,0.0,-0.0001996666666666666,0.0003997497828503348,7.298399114164005e-06,0.0041000000000000385,0.004993729401292414,9.11726079721541e-05,-0.0029399999999999895,0.004904460554773921,8.954278927479925e-05,0.0,0.0,0.0,0.00096033333333337,0.0008794467326424708,1.605642711974987e-05
ASN 132,R ASN 132,0.0,0.0,0.0,-0.0004143333333333335,0.0004926065592561862,8.993724149320615e-06,0.006741333333333434,0.011132074898937434,0.0002032429511328358,-0.003036666666666653,0.010805399370479328,0.0001972786992687883,0.0,0.0,0.0,0.003290333333333436,0.0014706143463038767,2.6849621695378246e-05
GLY 133,R GLY 133,0.0,0.0,0.0,-0.00033099999999999807,0.00047057305490221137,8.591449237468605e-06,-0.008739333333333328,0.00974693385406675,0.00017795385127943752,0.014784666666666777,0.010332519774425269,0.00018864513854403034,0.0,0.0,0.0,0.005714333333333316,0.0019001915400529011,3.469259233558184e-05
PRO 134,R PRO 134,0.0,0.0,0.0,-0.0011393333333333496,0.0004972453005196487,9.078415590268228e-06,-0.0064163333333333095,0.011051681616638949,0.00020177517732661047,0.013877666666666729,0.011943116618184478,0.00021805047928981507,0.0,0.0,0.0,0.006321999999999965,0.002981216082965568,5.4429309914581144e-05
VAL 135,R VAL 135,0.0,0.0,0.0,-0.004764666666666634,0.0014933022318189518,2.7263843918001622e-05,0.016179000000000002,0.018540450165336668,0.00033850075939517596,0.001105333333333331,0.018207239536941273,0.00033241719347608834,0.0,0.0,0.0,0.012519666666666733,0.007999934159451244,0.0001460581465895859
ALA 136,R ALA 136,0.0,0.0,0.0,-0.01600366666666664,0.006491968362694333,0.00011852658382858552,-0.02258133333333338,0.05021604044747279,0.0009168152700557554,0.05808899999999997,0.055922575158278996,0.001021001862932248,0.0,0.0,0.0,0.01950400000000002,0.021649541580981802,0.000395264742784993
VAL 137,R VAL 137,0.0,0.0,0.0,-0.07919633333333358,0.04044065347174979,0.0007383419382242324,0.06145199999999987,0.10451102826655823,0.0019081015896551326,-0.02187966666666665,0.10616449117551292,0.0019382895540962192,0.0,0.0,0.0,-0.03962400000000004,0.05381002345288471,0.000982432122167566
ALA 138,R ALA 138,0.0,0.0,0.0,-0.5107979999999989,0.2682466051900783,0.004897490554559608,0.021143666666666682,0.2541972023709586,0.004640984726442658,0.11126000000000022,0.1847260938073811,0.0033726216179372666,-0.04625820240000002,0.027215925987835694,0.0004968925528976226,-0.4246525357333337,0.2967540156949927,0.005417962280879654
VAL 139,R VAL 139,0.0,0.0,0.0,-0.1757243333333331,0.07120463707668312,0.0013000128641956017,0.04781899999999996,0.16192197577537146,0.0029562772895992003,-0.10635300000000004,0.15068772696429736,0.002751168906584171,0.0,0.0,0.0,-0.23425833333333296,0.09825982019060095,0.0017939706671597903
ASP 140,R ASP 140,0.0,0.0,0.0,-0.05759500000000003,0.019748594253768965,0.00036055835172687215,0.16822366666666688,0.5660317632193634,0.010334278832655612,-0.1726549999999999,0.5606305533132614,0.01023566668254253,0.0,0.0,0.0,-0.06202633333333336,0.04303591879529839,0.000785724783571516
ALA 141,R ALA 141,0.0,0.0,0.0,-0.020647333333333434,0.007067740767426791,0.00012903870163061756,-0.022569666666666672,0.04844486020094281,0.000884478090908021,0.054133666666666726,0.05087048718614304,0.0009287637781042682,0.0,0.0,0.0,0.01091666666666668,0.011835021006412498,0.00021607693245865393
SER 142,R SER 142,0.0,0.0,0.0,-0.00852266666666676,0.0024736247806718035,4.516200303925719e-05,-0.0169866666666666,0.04938779021400137,0.0009016935588513816,0.03897566666666667,0.0509378157615299,0.0009299930240877372,0.0,0.0,0.0,0.013466333333333396,0.008316702064052973,0.0001518415108177196
SER 143,R SER 143,0.0,0.0,0.0,-0.00243233333333334,0.0007280713487625171,1.329270337301472e-05,-0.01156566666666663,0.025779999118610494,0.0004706762349908756,0.02403433333333342,0.026328738820704682,0.0004806948054253973,0.0,0.0,0.0,0.010036333333333331,0.004127672454167033,7.536064377133309e-05
TRP 144,R TRP 144,0.0,0.0,0.0,-0.011486666666666593,0.0034881450020829404,6.368452338299104e-05,0.005359333333333342,0.020274751446619985,0.00037016462383747547,-0.02779166666666671,0.02889738622359398,0.0005275916762533816,0.0,0.0,0.0,-0.03391899999999998,0.01731796097504961,0.00031618126253429445
MET 145,R MET 145,0.0,0.0,0.0,-0.0019783333333333155,0.0010452418646206222,1.9083418243382527e-05,-0.004363333333333341,0.016601947342271557,0.0003031087019291691,0.004768999999999994,0.01653133304768053,0.00030181946719484167,0.0,0.0,0.0,-0.00157266666666667,0.0027704487402264726,5.05812423144603e-05
THR 146,R THR 146,0.0,0.0,0.0,-0.0005419999999999931,0.0004982328772772792,9.09644619251563e-06,-0.005310333333333294,0.01022728506930789,0.0001867238244831906,0.00811333333333329,0.010470457912091988,0.00019116353286204084,0.0,0.0,0.0,0.0022610000000000525,0.0014542623559729143,2.655107656323243e-05
TYR 147,R TYR 147,0.0,0.0,0.0,-0.0009999999999999972,0.00042739521132861266,7.803133273812289e-06,0.006557999999999987,0.008421201576972322,0.0001537494021668606,-0.005961666666666657,0.008326916029092392,0.00015202799145284156,0.0,0.0,0.0,-0.00040366666666658506,0.0009993597394776844,1.8245729079147128e-05
THR 148,R THR 148,0.0,0.0,0.0,-0.00023866666666666584,0.0004262685642747884,7.782563606954746e-06,3.000000000001298e-05,0.003938498021665916,7.190680697186308e-05,0.00046733333333331945,0.0038417356609856514,7.014017604979536e-05,0.0,0.0,0.0,0.00025866666666667104,0.0007977624263456316,1.45650825479852e-05
GLY 149,R GLY 149,0.0,0.0,0.0,-0.00013433333333333282,0.00034101010086049854,6.225964152613563e-06,0.0011829999999999985,0.003634580810309014,6.63580632293884e-05,-0.0005063333333333358,0.0036298705058016773,6.627206522834218e-05,0.0,0.0,0.0,0.0005423333333333224,0.000720792079744374,1.315980271156854e-05
GLY 150,R GLY 150,0.0,0.0,0.0,-0.00012966666666666755,0.00033593633656129544,6.133330314008966e-06,0.004688333333333317,0.007947234145006418,0.0001450959803665099,-0.004290333333333326,0.007856889114373199,0.0001434465133252996,0.0,0.0,0.0,0.00026833333333332437,0.000728695562098617,1.3304099897177304e-05
VAL 151,R VAL 151,0.0,0.0,0.0,-0.0003126666666666685,0.00046357979056709035,8.4637702832372e-06,0.0008066666666666566,0.005404623535044359,9.867447416557028e-05,0.001772000000000009,0.005355123652478369,9.777073408972861e-05,0.0,0.0,0.0,0.002265999999999972,0.0011014735584661487,2.0110063815579837e-05
MET 152,R MET 152,0.0,0.0,0.0,-0.0012886666666666834,0.0005266291125851445,9.614888146727046e-06,-0.006173333333333337,0.011641504293785312,0.00021254381683331547,0.008006000000000036,0.011815976359714495,0.00021572922637211353,0.0,0.0,0.0,0.000543999999999962,0.0020977918549433855,3.8300263996769916e-05
THR 153,R THR 153,0.0,0.0,0.0,-0.00046933333333332915,0.0004990586694523475,9.111523025918836e-06,0.006852333333333347,0.008408439880395335,0.00015351640653061885,-0.0015186666666666595,0.008699711770448993,0.0001588342793489373,0.0,0.0,0.0,0.004864333333333374,0.0018023857954266194,3.290691191606837e-05
SER 154,R SER 154,0.0,0.0,0.0,-0.0006296666666666497,0.0004890670256269114,8.929101402260551e-06,0.005504666666666651,0.00959374682917066,0.0001751570516443477,0.0011720000000000014,0.00990675271384793,0.0001808717311000011,0.0,0.0,0.0,0.006046999999999995,0.0021218209946489716,3.873897405857634e-05
CYX 155,R CYX 155,0.0,0.0,0.0,-0.0028126666666666647,0.0009610269969615925,1.7545872153577096e-05,-0.006716000000000009,0.013550867524504394,0.0002474038605645082,0.016856666666666773,0.013246236782153822,0.0002418420895880098,0.0,0.0,0.0,0.0073279999999999795,0.003427693490769932,6.258083483694392e-05
VAL 156,R VAL 156,0.0,0.0,0.0,-0.005777666666666667,0.0024364389086441395,4.448308500825546e-05,0.009679999999999989,0.02776226935969038,0.0005068673725278975,0.012797666666666672,0.027529439900263592,0.0005026165076285713,0.0,0.0,0.0,0.016699999999999958,0.007290541817999586,0.00013310647367176988
SER 157,R SER 157,0.0,0.0,0.0,-0.013666000000000122,0.012475406900511582,0.00022776872578219334,-0.02097833333333336,0.04227137562490956,0.0007717661988845668,0.057909999999999795,0.05343630382676871,0.000975608966520695,-7.135200000000018e-06,0.00022756088583269284,4.154674345880788e-06,0.023258531466666663,0.015760685385326653,0.00028774943024284695
GLU 158,R GLU 158,0.0,0.0,0.0,-0.0889623333333332,0.12416949268864509,0.0022670144033181236,-0.08188166666666698,0.6181719358969279,0.011286223790246163,0.24869233333333363,0.5978075099962268,0.010914421942364283,-0.013409128799999965,0.02676159211180179,0.0004885975891462051,0.0644392045333333,0.08078547882372199,0.0014749343023536148
GLN 159,R GLN 159,0.0,0.0,0.0,-0.6333496666666663,0.5457342430767536,0.009963698511204848,-0.26119600000000043,0.9163644902097283,0.01673045007281967,0.6880180000000005,0.8690042786676402,0.015865774866492398,-0.11391543840000028,0.1122647339191262,0.002049664239327359,-0.3204431050666668,0.6684407141526431,0.012204001916542178
LEU 160,R LEU 160,0.0,0.0,0.0,-2.1991216666666658,0.8346640990226084,0.015238811832480275,-0.6842733333333344,0.8188798385328304,0.01495063198168731,1.247056000000002,0.703166989790236,0.012838014066703901,-0.3429637823999995,0.08224728289901514,0.0015016230712433163,-1.979302782399998,1.0056829507652383,0.018361174594415944
ASP 161,R ASP 161,0.0,0.0,0.0,-1.2391523333333312,0.5537246106696252,0.010109581996983983,1.4663186666666668,2.0387923485366426,0.037223085312081794,-0.5061776666666665,2.001282207677841,0.0365382469692964,-0.16913337120000016,0.06720352589087306,0.001226962902477121,-0.4481447045333332,0.4645963856382307,0.008482330684980938
HIE 162,R HIE 162,0.0,0.0,0.0,-0.7959670000000004,0.37773815169285097,0.00689652355041609,-0.19454233333333332,0.5150113094627689,0.009402777052101076,0.19521633333333321,0.29174914944158586,0.005326586342736744,-0.036727310400000004,0.020363707374946506,0.0003717887294564171,-0.8320203103999986,0.5433270139347866,0.009919748721133544
GLY 163,R GLY 163,0.0,0.0,0.0,-0.3524163333333315,0.20365201938573985,0.0037181601633016364,0.05606666666666678,0.20689263613983216,0.0037773254598498208,0.019033000000000005,0.13400988736283598,0.002446674607911725,-0.010999238399999965,0.009488132334985981,0.00017322880361553283,-0.2883159050666664,0.21779618732393377,0.003976396157864642
VAL 164,R VAL 164,0.0,0.0,0.0,-0.04943933333333354,0.024747814439976545,0.0004518312072575744,-0.006891333333333311,0.06598147865036741,0.0012046514744783916,-0.0072506666666666665,0.059333361887633676,0.001083274023949142,0.0,0.0,0.0,-0.0635813333333334,0.03780568808467208,0.0006902342721993058
LEU 165,R LEU 165,0.0,0.0,0.0,-0.006911333333333291,0.0026607276364851115,4.8578018196010035e-05,0.011237666666666684,0.013807094114580781,0.00025208189667175706,-0.011217666666666659,0.015441036921859374,0.00028191347444575044,0.0,0.0,0.0,-0.006891333333333215,0.006353491813343345,0.00011599835950308508
LEU 166,R LEU 166,0.0,0.0,0.0,-0.0042659999999999886,0.0013455769518437607,2.456676164612901e-05,0.003988999999999947,0.010366301767425798,0.00018926191053082606,0.0002380000000000022,0.010591318268594597,0.00019337013098086068,0.0,0.0,0.0,-3.8999999999996374e-05,0.003170406756238039,5.788344322861188e-05
VAL 167,R VAL 167,0.0,0.0,0.0,-0.0009646666666666693,0.0004619721011296961,8.434418024226412e-06,-0.0026706666666666467,0.006166701405307575,0.00011258804883619222,0.0026129999999999973,0.006090147589891932,0.00011119037378398441,0.0,0.0,0.0,-0.001022333333333264,0.0019450367320153683,3.551134977669826e-05
GLY 168,R GLY 168,0.0,0.0,0.0,-0.0003243333333333353,0.000468125220664544,8.546758103168475e-06,-0.0008290000000000184,0.008681268666886548,0.0001584975558872188,0.0006546666666666734,0.0087847639821581,0.0001603871131795634,0.0,0.0,0.0,-0.0004986666666666868,0.0012617441191549782,2.3036190528688923e-05
TYR 169,R TYR 169,0.0,0.0,0.0,-0.0005096666666666776,0.000499906546822067,9.127003077965286e-06,-0.0002503333333333065,0.004489951731985078,8.197492819058724e-05,-0.0013039999999999955,0.004515777969150696,8.24464486129568e-05,0.0,0.0,0.0,-0.0020639999999999725,0.0010544685865401708,1.9251874367621332e-05
ASN 170,R ASN 170,0.0,0.0,0.0,-0.00017866666666666993,0.00038307295504759237,6.993923288324294e-06,-0.0020060000000001093,0.0038192447770033344,6.972955056661714e-05,0.002091666666666667,0.003785841679497727,6.911969623347162e-05,0.0,0.0,0.0,-9.300000000011011e-05,0.0007382531182911829,1.3478596201220353e-05
ASP 171,R ASP 171,0.0,0.0,0.0,-0.0001713333333333337,0.00037679997640953,6.8793948915638e-06,-0.04254766666666659,0.11560944480399908,0.0021107300259932903,0.04174266666666678,0.11502915476618188,0.0021001354278730234,0.0,0.0,0.0,-0.0009763333333331825,0.0010137915082611465,1.8509215922727162e-05
SER 172,R SER 172,0.0,0.0,0.0,-5.5666666666666186e-05,0.00022927688258716342,4.186004016915094e-06,0.0005459999999999878,0.003283374889753935,5.994594972880893e-05,-0.0005073333333333374,0.003258314424497552,5.948841032472575e-05,0.0,0.0,0.0,-1.69999999999982e-05,0.0006261344371086179,1.143159850783966e-05
ALA 173,R ALA 173,0.0,0.0,0.0,-6.200000000000046e-05,0.00024115555146005002,4.402877846742243e-06,-0.002395666666666664,0.0028405013446377828,5.186022203606232e-05,0.0024269999999999964,0.002830666176008782,5.168065724556329e-05,0.0,0.0,0.0,-3.066666666663013e-05,0.0006162192971842428,1.1250573647926316e-05
ALA 174,R ALA 174,0.0,0.0,0.0,-4.6666666666666956e-05,0.0002109238935940861,3.8509258146100125e-06,-0.0018889999999999985,0.002544801040029175,4.6461497799552875e-05,0.0019443333333333385,0.0025451721399980553,4.646827312702105e-05,0.0,0.0,0.0,8.66666666667252e-06,0.0006027090693047675,1.1003911762372189e-05
VAL 175,R VAL 175,0.0,0.0,0.0,-0.00016499999999999978,0.00037118054905934956,6.776798654231957e-06,0.0018533333333333281,0.0029681344683525025,5.4190473400842305e-05,-0.0010759999999999995,0.002998703719943025,5.474858902291497e-05,0.0,0.0,0.0,0.0006123333333332975,0.00073215291359723,1.336722221067779e-05
PRO 176,R PRO 176,0.0,0.0,0.0,-0.00023833333333332857,0.00042606402753054586,7.778829293999402e-06,0.0018173333333333336,0.00536631154104528,9.797499605436032e-05,-0.0007673333333333347,0.005350065378624403,9.767838306666676e-05,0.0,0.0,0.0,0.0008116666666666612,0.0008829102760504597,1.6119662481531668e-05
TYR 177,R TYR 177,0.0,0.0,0.0,-0.0004623333333333421,0.0004985792035597044,9.102769216420337e-06,-0.0021553333333332782,0.007316957807419416,0.00013358876144790516,0.007274333333333336,0.007603797815711639,0.00013882571954579247,0.0,0.0,0.0,0.004656666666666704,0.0019044130037596833,3.476966536551164e-05
TRP 178,R TRP 178,0.0,0.0,0.0,-0.0024310000000000035,0.0007522670181967797,1.3734453837784184e-05,0.00620366666666668,0.010219500308505984,0.0001865816948466577,-0.014194000000000099,0.010697617990312946,0.0001953108894955827,0.0,0.0,0.0,-0.0104213333333333,0.003822539935115858,6.978971164757631e-05
ILE 179,R ILE 179,0.0,0.0,0.0,-0.0008293333333333205,0.0004181780588324169,7.634851862541241e-06,-0.00711466666666664,0.008346307660010807,0.00015238203257553592,0.010655333333333327,0.009004362177423772,0.00016439640935071115,0.0,0.0,0.0,0.0027113333333334253,0.0027513641868878304,5.0232807635677475e-05
ILE 180,R ILE 180,0.0,0.0,0.0,-0.004072666666666643,0.0013721222815607555,2.5051410842209355e-05,0.0026736666666666623,0.016320575149859864,0.00029797157203455016,0.010415,0.018398209378451224,0.0003359038098093612,0.0,0.0,0.0,0.009015999999999974,0.004817026468683776,8.794646856658522e-05
LYS 181,R LYS 181,0.0,0.0,0.0,-0.0029470000000000247,0.0011088391828093806,2.024454110234308e-05,-0.09023699999999997,0.19299717138946193,0.0035236301434899654,0.1175043333333333,0.19662289960197601,0.0035898265811358603,0.0,0.0,0.0,0.02432033333333328,0.008039344079103847,0.00014677766998902577
ASN 182,R ASN 182,0.0,0.0,0.0,-0.005396999999999991,0.002112673898167974,3.857197168929905e-05,0.00841300000000003,0.029216794787701627,0.0005334232521074513,0.008380333333333344,0.026751280590323636,0.0004884093273823457,0.0,0.0,0.0,0.011396333333333187,0.00738628818976221,0.00013485455525889204
SER 183,R SER 183,0.0,0.0,0.0,-0.006136666666666625,0.0028251233994682034,5.157946045414711e-05,-0.0004449999999999926,0.02159675072011219,0.00039430091794071285,0.008399666666666647,0.023020236023020123,0.00042029008496337117,0.0,0.0,0.0,0.001818000000000006,0.00576629944880885,0.00010527774271474043
TRP 184,R TRP 184,0.0,0.0,0.0,-0.011454333333333237,0.00480595962206191,8.774441651541036e-05,-0.047690666666666486,0.05553753367068331,0.0010139719993211979,0.041343000000000005,0.051276011457600856,0.0009361676044740447,0.0,0.0,0.0,-0.01780199999999991,0.013430145047615962,0.0002451997797715185
THR 185,R THR 185,0.0,0.0,0.0,-0.0007396666666666604,0.00046821635549767674,8.548421989964517e-06,-0.001632999999999947,0.009130186799841592,0.00016669364215030484,0.00546266666666667,0.009610477245635962,0.00017546250586083112,0.0,0.0,0.0,0.003090000000000042,0.001563937338898144,2.855345863463717e-05
THR 186,R THR 186,0.0,0.0,0.0,-0.0003160000000000017,0.00046491289506745776,8.488109330115962e-06,-0.002651666666666626,0.005522529362127037,0.00010082713020405313,0.0032823333333333194,0.00578981472549474,0.00010570707096430166,0.0,0.0,0.0,0.0003146666666667256,0.0009596795761548767,1.7521271727900764e-05
GLN 187,R GLN 187,0.0,0.0,0.0,-0.00028866666666666705,0.00045314260693762436,8.273214252881128e-06,-0.004448666666666583,0.010001201505596954,0.00018259612222566938,0.0054126666666666455,0.010065371638554749,0.00018376770320363905,0.0,0.0,0.0,0.0006753333333333084,0.0009362646824244547,1.7093776211976148e-05
TRP 188,R TRP 188,0.0,0.0,0.0,-0.0021196666666666517,0.0007518953089063795,1.3727667385677969e-05,-0.0007619999999999939,0.01211010690841878,0.00022109929091800382,-0.002585666666666668,0.013244143154197944,0.00024180386534606118,0.0,0.0,0.0,-0.005467333333333277,0.003951910873938753,7.2151691030207e-05
GLY 189,R GLY 189,0.0,0.0,0.0,-0.00022100000000000144,0.00041492047430803246,7.575376778308404e-06,-0.0010450000000000103,0.007465719992070434,0.00013630477492247554,0.002009999999999984,0.007443737860331558,0.00013590343794196114,0.0,0.0,0.0,0.0007439999999999684,0.0008204454074870777,1.4979215229406344e-05
GLU 190,R GLU 190,0.0,0.0,0.0,-0.0003440000000000014,0.0004750410508577166,8.673023309857674e-06,0.048753000000000116,0.12370831550196341,0.002258594498379713,-0.04793500000000001,0.12292288683696537,0.0022442545984753598,0.0,0.0,0.0,0.0004739999999999848,0.0011575796588860366,2.1134416376033923e-05
GLU 191,R GLU 191,0.0,0.0,0.0,-0.00025199999999999935,0.0004341612603630138,7.926663863189874e-06,0.06709333333333349,0.11005966846316709,0.002009405436293885,-0.06486666666666652,0.10905251741961575,0.001991017458114954,0.0,0.0,0.0,0.001974666666667247,0.0015004526724364546,2.7394392505411872e-05
GLY 192,R GLY 192,0.0,0.0,0.0,-0.0004329999999999993,0.000495490665906022,9.046380491666138e-06,0.0033180000000000006,0.011502153827291067,0.00020999963703672325,-0.0020739999999999943,0.011290314019843052,0.00020613198899949563,0.0,0.0,0.0,0.0008110000000000056,0.0012151593859791672,2.2185673555497224e-05
TYR 193,R TYR 193,0.0,0.0,0.0,-0.0010213333333333454,0.0004621091742098008,8.436920624826415e-06,0.005977666666666657,0.006810714687575574,0.0001243460689038964,-0.004224333333333342,0.00667198180619692,0.00012181316461727049,0.0,0.0,0.0,0.0007319999999999681,0.0016279361166827546,2.972191110948356e-05
ILE 194,R ILE 194,0.0,0.0,0.0,-0.001960333333333333,0.0006827102036897553,1.2464525959994188e-05,-0.003294666666666663,0.007356981144162048,0.000134319484259924,0.005972666666666666,0.007512428783171367,0.0001371575568731348,0.0,0.0,0.0,0.0007176666666666544,0.0017555496448564455,3.205180471026861e-05
ARG 195,R ARG 195,0.0,0.0,0.0,-0.0006900000000000058,0.0004624932431938698,8.443932733033503e-06,-0.023198666666666458,0.1161822987014619,0.0021211888593864617,0.028479999999999953,0.1155843830281583,0.0021102724626613193,0.0,0.0,0.0,0.004591333333332908,0.0021065749980059773,3.846062151614247e-05
ILE 196,R ILE 196,0.0,0.0,0.0,-0.002410666666666657,0.0007650835829429993,1.3968451225158514e-05,-0.0020283333333333477,0.008028212579536193,0.00014657443754195702,0.004032666666666677,0.008267663891464268,0.00015094620037419743,0.0,0.0,0.0,-0.0004063333333333593,0.0018266252732536746,3.334946220900252e-05
ALA 197,R ALA 197,0.0,0.0,0.0,-0.0005526666666666692,0.0004978884301616934,9.0901574773465e-06,-0.003256666666666644,0.015072097472555794,0.00027517759248784696,0.005475333333333315,0.015032256147660962,0.0002744501927423206,0.0,0.0,0.0,0.0016660000000000407,0.0012716566622586105,2.321716797735898e-05
LYS 198,R LYS 198,0.0,0.0,0.0,-0.000825999999999994,0.00044987850211655495,8.213620124862425e-06,0.06573766666666653,0.15739206094301225,0.002873572738357188,-0.059440333333333636,0.1560579756796245,0.0028492157852774316,0.0,0.0,0.0,0.00547133333333331,0.0027782209335392204,5.072314250108306e-05
GLY 199,R GLY 199,0.0,0.0,0.0,-0.00040800000000000016,0.0004914631217090461,8.972847931398381e-06,0.004030333333333317,0.010614804750389353,0.00019379893351004142,-0.00026599999999999123,0.010582938029362747,0.00019321712944537486,0.0,0.0,0.0,0.003356333333333329,0.0016114258351603318,2.942047598879717e-05
SER 200,R SER 200,0.0,0.0,0.0,-0.0010496666666666471,0.0006032135240158402,1.1013121803188664e-05,0.0033733333333333367,0.012759177960284982,0.0002329496528023613,0.006158999999999994,0.012675082603281141,0.00023141428866861285,0.0,0.0,0.0,0.008482666666666708,0.0033365200766999267,6.091624365258056e-05
ASN 201,R ASN 201,0.0,0.0,0.0,-0.008623333333333299,0.00576189687130513,0.0001051973630144087,0.006336333333333476,0.037809476941046846,0.0006903034469360927,0.005086333333333329,0.0378287925601063,0.0006906561002784608,0.0,0.0,0.0,0.0027993333333334977,0.008036068662944144,0.0001467178693451629
GLN 202,R GLN 202,0.0,0.0,0.0,-0.0038989999999999897,0.001465650822444816,2.6759000562634157e-05,-0.0040729999999998935,0.027149063906514333,0.0004956718238915742,0.02344366666666677,0.027329791313184543,0.0004989714398046637,0.0,0.0,0.0,0.015471666666666757,0.009202492265081566,0.00016801375329506614
CYX 203,R CYX 203,0.0,0.0,0.0,-0.013589666666666663,0.005112268891815318,9.333683306930625e-05,0.004912333333333323,0.04318143869637602,0.0007883816013177207,-0.006413333333333336,0.04674595692558755,0.0008534605026769714,0.0,0.0,0.0,-0.015090666666666702,0.012332387423185993,0.00022515755931906592
LEU 204,R LEU 204,0.0,0.0,0.0,-0.13095866666666692,0.1510725464522115,0.0027581947170541095,-0.033528333333333334,0.07455615242143943,0.0013612028827338595,0.05513233333333339,0.07779100732875381,0.0014202629828336051,-0.013099888799999985,0.025720535307619752,0.00046959057930304714,-0.12245455546666632,0.1682226099738403,0.003071310605502196
VAL 205,R VAL 205,0.0,0.0,0.0,-0.014954333333333333,0.006091763391844991,0.00011121987415658946,-0.022203000000000042,0.033011883582532264,0.0006027117767962458,0.05116100000000006,0.03524406917955585,0.0006434657235971777,0.0,0.0,0.0,0.01400366666666668,0.0069515216479718615,0.0001269168405193225
LYS 206,R LYS 206,0.0,0.0,0.0,-0.01941200000000002,0.012403961302745119,0.00022646431359782228,0.23525000000000024,0.44543064574259644,0.008132413749243752,-0.14471633333333345,0.44453453769070544,0.008116053129444328,0.0,0.0,0.0,0.07112166666666686,0.03068147427828241,0.0005601645186576604
GLU 207,R GLU 207,0.0,0.0,0.0,-0.2278583333333333,0.2416798162801814,0.004412449569011987,-0.5380773333333327,0.8604518743192765,0.01570963004040893,0.7579606666666676,0.904483577031423,0.016513535267769063,-0.036347143199999966,0.04902806401879447,0.0008951258871300373,-0.04432214319999986,0.1465821925537265,0.0026762124463413934
GLU 208,R GLU 208,0.0,0.0,0.0,-0.6340193333333345,0.3948387438261612,0.007208736219019737,-1.1313256666666673,1.4808626079443972,0.02703672849790251,1.8125736666666608,1.6335918955601874,0.0298251710318646,-0.0825995111999999,0.06375816629745483,0.0011640595302093882,-0.03537084453333307,0.3623205120891693,0.006615037250602042
ALA 209,R ALA 209,0.0,0.0,0.0,-0.020248666666666644,0.009381550949721625,0.0001712829026515516,-0.028681,0.04506082451161616,0.0008226943348264627,0.053172333333333405,0.04716367918807402,0.000861087032874836,0.0,0.0,0.0,0.004242666666666649,0.008799532916897132,0.00016065675580312637
SER 210,R SER 210,0.0,0.0,0.0,-0.01411466666666663,0.004947071681532735,9.032075845234973e-05,0.020105666666666674,0.03517790738359642,0.0006422577799941099,0.000478333333333342,0.03368876465364802,0.0006150698778428579,0.0,0.0,0.0,0.006469333333333357,0.00784659541174108,0.00014325857688757087
SER 211,R SER 211,0.0,0.0,0.0,-0.0029986666666666673,0.0008740699183831174,1.5958260371171094e-05,-0.006323000000000031,0.008580870449241534,0.00015666454360263588,0.01092700000000003,0.009565302103610208,0.00017463772438329762,0.0,0.0,0.0,0.0016053333333332957,0.003675083430647823,6.709753652264284e-05
ALA 212,R ALA 212,0.0,0.0,0.0,-0.0013796666666666766,0.0005634890317378748,1.0287855119652617e-05,-0.004776999999999998,0.010553511469332482,0.0001926798764214297,0.0035546666666666647,0.010418653698481746,0.00019021772164976933,0.0,0.0,0.0,-0.002602000000000022,0.0022642723628868875,4.1339768316289054e-05
VAL 213,R VAL 213,0.0,0.0,0.0,-0.0007419999999999945,0.0004420814404608825,8.071265906493413e-06,-0.0005046666666666913,0.0054455466412677515,9.9421624445628e-05,0.00010500000000000076,0.005498239869873502,0.00010038366677679954,0.0,0.0,0.0,-0.0011416666666666736,0.0010166598360426273,1.8561584183668356e-05
VAL 214,R VAL 214,0.0,0.0,0.0,-0.0003173333333333327,0.00046543838355779255,8.49770339344482e-06,-0.0014976666666666378,0.004305886810196296,7.861437786694924e-05,0.0010573333333333366,0.004323429914110127,7.893466965835798e-05,0.0,0.0,0.0,-0.0007576666666666537,0.0008047408830728673,1.4692491153521222e-05
GLY 215,R GLY 215,0.0,0.0,0.0,-0.0001019999999999994,0.0003026483107502813,5.525576892958744e-06,-0.03804066666666652,0.09837106457806692,0.0017960017025068222,0.03727166666666665,0.09795612553870965,0.0017884259867786388,0.0,0.0,0.0,-0.000870999999999853,0.0008296740323768584,1.514770609696923e-05
LM3 216,L LM3   1,0.0,0.0,0.0,-13.66258233333331,2.766034571467819,0.05050065098773533,-1.9841380000000035,3.609927918895701,0.06590796507156184,7.289085666666692,3.5452397224532874,0.06472692559170067,-2.396583345599995,0.37394690490057825,0.006827305170776195,-10.754218012266652,2.7245678415650785,0.04974357554261183

